% all PageRank runtimes averaged over 10 executions (and measured in ns), PageRank executed with damping factor of 8.500000e-01; Sparse format: CSR

runtime_pagerank_1_csr = [
%  1.000000e-02  1.000000e-04  1.000000e-06  1.000000e-08  1.000000e-10  1.000000e-12
% Stanford
  3097204  8093647  13377346  18664813  24531523  29480029
];
runtime_pagerank_2_csr = [
%  1.000000e-02  1.000000e-04  1.000000e-06  1.000000e-08  1.000000e-10  1.000000e-12
% Stanford
  2661180  6694744  11521526  16928428  22286491  27790673
];
runtime_pagerank_4_csr = [
%  1.000000e-02  1.000000e-04  1.000000e-06  1.000000e-08  1.000000e-10  1.000000e-12
 % Stanford
  2866962  7523410  13327199  20106148  26904625  32539912
];
% all PageRank runtimes averaged over 10 executions (and measured in ns), PageRank executed with damping factor of 8.500000e-01; Sparse format: ELL

runtime_pagerank_1_ell = [
%  1.000000e-02  1.000000e-04  1.000000e-06  1.000000e-08  1.000000e-10  1.000000e-12
% Stanford
  18501553  48162503  80289196  113676258  147106989  180364182
];
runtime_pagerank_2_ell = [
%  1.000000e-02  1.000000e-04  1.000000e-06  1.000000e-08  1.000000e-10  1.000000e-12
% Stanford
  13635876  33177708  59482076  92805123  126078161  159453530
];
runtime_pagerank_4_ell = [
%  1.000000e-02  1.000000e-04  1.000000e-06  1.000000e-08  1.000000e-10  1.000000e-12
% Stanford
  15816369  40739692  71510025  107834033  144013374  177346186
];
% all PageRank runtimes averaged over 10 executions (and measured in ns), PageRank executed with damping factor of 8.500000e-01; Sparse format: CSR

runtime_pagerank_1_csr = [
%  1.000000e-02  1.000000e-04  1.000000e-06  1.000000e-08  1.000000e-10  1.000000e-12
% adaptive
  6018358  13047104  20977563  32420722  46490592  61170241
];
runtime_pagerank_2_csr = [
%  1.000000e-02  1.000000e-04  1.000000e-06  1.000000e-08  1.000000e-10  1.000000e-12
% adaptive
  4095621  8413572  14893806  26239429  40191196  55026586
];
runtime_pagerank_4_csr = [
%  1.000000e-02  1.000000e-04  1.000000e-06  1.000000e-08  1.000000e-10  1.000000e-12
 % adaptive
  4061115  8169730  14805217  27032648  41160591  55115448
];
% all PageRank runtimes averaged over 10 executions (and measured in ns), PageRank executed with damping factor of 8.500000e-01; Sparse format: ELL

runtime_pagerank_1_ell = [
%  1.000000e-02  1.000000e-04  1.000000e-06  1.000000e-08  1.000000e-10  1.000000e-12
% adaptive
  6044573  13111944  21049995  32522987  46649644  61655401
];
runtime_pagerank_2_ell = [
%  1.000000e-02  1.000000e-04  1.000000e-06  1.000000e-08  1.000000e-10  1.000000e-12
% adaptive
  4868688  9745212  16630892  28090523  42163822  57071241
];
runtime_pagerank_4_ell = [
%  1.000000e-02  1.000000e-04  1.000000e-06  1.000000e-08  1.000000e-10  1.000000e-12
% adaptive
  4645333  9098106  16018014  28328200  42667628  56765042
];
% all PageRank runtimes averaged over 10 executions (and measured in ns), PageRank executed with damping factor of 8.500000e-01; Sparse format: CSR

runtime_pagerank_1_csr = [
%  1.000000e-02  1.000000e-04  1.000000e-06  1.000000e-08  1.000000e-10  1.000000e-12
% delaunay_n22
  3559735  7205743  11590193  15243855  19617003  23262696
];
runtime_pagerank_2_csr = [
%  1.000000e-02  1.000000e-04  1.000000e-06  1.000000e-08  1.000000e-10  1.000000e-12
% delaunay_n22
  2592897  4904798  8400163  12057229  16434749  20076799
];
runtime_pagerank_4_csr = [
%  1.000000e-02  1.000000e-04  1.000000e-06  1.000000e-08  1.000000e-10  1.000000e-12
 % delaunay_n22
  2514435  5139936  9032549  12879697  17746541  21392681
];
% all PageRank runtimes averaged over 10 executions (and measured in ns), PageRank executed with damping factor of 8.500000e-01; Sparse format: ELL

runtime_pagerank_1_ell = [
%  1.000000e-02  1.000000e-04  1.000000e-06  1.000000e-08  1.000000e-10  1.000000e-12
% delaunay_n22
  6903945  13900360  22296127  29294881  37688892  44674421
];
runtime_pagerank_2_ell = [
%  1.000000e-02  1.000000e-04  1.000000e-06  1.000000e-08  1.000000e-10  1.000000e-12
% delaunay_n22
  6158798  10875459  17638330  24623175  33103492  39991444
];
runtime_pagerank_4_ell = [
%  1.000000e-02  1.000000e-04  1.000000e-06  1.000000e-08  1.000000e-10  1.000000e-12
% delaunay_n22
  5575953  10374140  16870478  23188407  30940975  37938115
];
% all PageRank runtimes averaged over 10 executions (and measured in ns), PageRank executed with damping factor of 8.500000e-01; Sparse format: CSR

runtime_pagerank_1_csr = [
%  1.000000e-02  1.000000e-04  1.000000e-06  1.000000e-08  1.000000e-10  1.000000e-12
% europe_osm
  51089817  136650055  226065432  322582777  419345960  519658773
];
runtime_pagerank_2_csr = [
%  1.000000e-02  1.000000e-04  1.000000e-06  1.000000e-08  1.000000e-10  1.000000e-12
% europe_osm
  40224851  103678675  186213140  279124187  375862853  476334021
];
runtime_pagerank_4_csr = [
%  1.000000e-02  1.000000e-04  1.000000e-06  1.000000e-08  1.000000e-10  1.000000e-12
 % europe_osm
  41501211  108375141  194487166  292219626  399199276  495848248
];
% all PageRank runtimes averaged over 10 executions (and measured in ns), PageRank executed with damping factor of 8.500000e-01; Sparse format: ELL

runtime_pagerank_1_ell = [
%  1.000000e-02  1.000000e-04  1.000000e-06  1.000000e-08  1.000000e-10  1.000000e-12
% europe_osm
  159410308  422838295  697735762  995479172  1293397399  1602523369
];
runtime_pagerank_2_ell = [
%  1.000000e-02  1.000000e-04  1.000000e-06  1.000000e-08  1.000000e-10  1.000000e-12
% europe_osm
  122000249  301592430  542611612  828903685  1126739260  1435892804
];
runtime_pagerank_4_ell = [
%  1.000000e-02  1.000000e-04  1.000000e-06  1.000000e-08  1.000000e-10  1.000000e-12
% europe_osm
  119734236  305208126  538331745  802641416  1091658162  1389497383
];
Sorry, this application does not support Market Market type: [matrix array real general]
% all PageRank runtimes averaged over 10 executions (and measured in ns), PageRank executed with damping factor of 8.500000e-01; Sparse format: CSR

runtime_pagerank_1_csr = [
%  1.000000e-02  1.000000e-04  1.000000e-06  1.000000e-08  1.000000e-10  1.000000e-12
% hugebubbles-00020
  17339043  41270306  79976226  130596335  184193227  231818884
];
runtime_pagerank_2_csr = [
%  1.000000e-02  1.000000e-04  1.000000e-06  1.000000e-08  1.000000e-10  1.000000e-12
% hugebubbles-00020
  14742131  33291654  68199648  118792838  172392494  219947493
];
runtime_pagerank_4_csr = [
%  1.000000e-02  1.000000e-04  1.000000e-06  1.000000e-08  1.000000e-10  1.000000e-12
 % hugebubbles-00020
  15388230  38651513  89707794  174950590  265826808  313482195
];
% all PageRank runtimes averaged over 10 executions (and measured in ns), PageRank executed with damping factor of 8.500000e-01; Sparse format: ELL

runtime_pagerank_1_ell = [
%  1.000000e-02  1.000000e-04  1.000000e-06  1.000000e-08  1.000000e-10  1.000000e-12
% hugebubbles-00020
  19106870  45105708  87362259  142615937  201113637  253118308
];
runtime_pagerank_2_ell = [
%  1.000000e-02  1.000000e-04  1.000000e-06  1.000000e-08  1.000000e-10  1.000000e-12
% hugebubbles-00020
  16434586  36399287  74183956  129401434  187839838  239824834
];
runtime_pagerank_4_ell = [
%  1.000000e-02  1.000000e-04  1.000000e-06  1.000000e-08  1.000000e-10  1.000000e-12
% hugebubbles-00020
  16324215  39797636  92110969  180614838  274868333  326915839
];
Sorry, this application does not support Market Market type: [matrix array real general]
% all PageRank runtimes averaged over 10 executions (and measured in ns), PageRank executed with damping factor of 8.500000e-01; Sparse format: CSR

runtime_pagerank_1_csr = [
%  1.000000e-02  1.000000e-04  1.000000e-06  1.000000e-08  1.000000e-10  1.000000e-12
% rgg_n_2_24_s0
  61218045  204914235  375697636  546584299  731173440  915758613
];
runtime_pagerank_2_csr = [
%  1.000000e-02  1.000000e-04  1.000000e-06  1.000000e-08  1.000000e-10  1.000000e-12
% rgg_n_2_24_s0
  29980529  93400079  215402177  386365549  570949977  755554677
];
