% all PageRank runtimes averaged over 10 executions (and measured in ns), PageRank executed with damping factor of 8.500000e-01; Sparse format: CSR

runtime_pagerank_1_csr = [
%  1.000000e-02  1.000000e-04  1.000000e-06  1.000000e-08  1.000000e-10  1.000000e-12
% Stanford
  3084604  8057980  13275179  18604943  24032913  29340636
];
runtime_pagerank_2_csr = [
%  1.000000e-02  1.000000e-04  1.000000e-06  1.000000e-08  1.000000e-10  1.000000e-12
% Stanford
  2523173  6574372  11435710  16909931  22379122  27808714
];
runtime_pagerank_4_csr = [
%  1.000000e-02  1.000000e-04  1.000000e-06  1.000000e-08  1.000000e-10  1.000000e-12
 % Stanford
  2803527  7449976  13236585  20070953  26849079  32249799
];
% all PageRank runtimes averaged over 10 executions (and measured in ns), PageRank executed with damping factor of 8.500000e-01; Sparse format: ELL

runtime_pagerank_1_ell = [
%  1.000000e-02  1.000000e-04  1.000000e-06  1.000000e-08  1.000000e-10  1.000000e-12
% Stanford
  18493071  48123374  80297024  113496741  146899259  180203033
];
runtime_pagerank_2_ell = [
%  1.000000e-02  1.000000e-04  1.000000e-06  1.000000e-08  1.000000e-10  1.000000e-12
% Stanford
  12214782  31729118  59463350  92749938  126108438  159508504
];
runtime_pagerank_4_ell = [
%  1.000000e-02  1.000000e-04  1.000000e-06  1.000000e-08  1.000000e-10  1.000000e-12
% Stanford
  14398691  39341150  70077618  106381126  143944729  177285473
];
% all PageRank runtimes averaged over 10 executions (and measured in ns), PageRank executed with damping factor of 8.500000e-01; Sparse format: CSR

runtime_pagerank_1_csr = [
%  1.000000e-02  1.000000e-04  1.000000e-06  1.000000e-08  1.000000e-10  1.000000e-12
% adaptive
  6040802  13112742  21073334  32289595  46250430  61195026
];
runtime_pagerank_2_csr = [
%  1.000000e-02  1.000000e-04  1.000000e-06  1.000000e-08  1.000000e-10  1.000000e-12
% adaptive
  3706577  8035854  14944444  26335798  40331184  55186645
];
runtime_pagerank_4_csr = [
%  1.000000e-02  1.000000e-04  1.000000e-06  1.000000e-08  1.000000e-10  1.000000e-12
 % adaptive
  3672583  7800502  14474142  26664033  41258227  55288070
];
% all PageRank runtimes averaged over 10 executions (and measured in ns), PageRank executed with damping factor of 8.500000e-01; Sparse format: ELL

runtime_pagerank_1_ell = [
%  1.000000e-02  1.000000e-04  1.000000e-06  1.000000e-08  1.000000e-10  1.000000e-12
% adaptive
  6054225  13130319  21088759  32598021  46737827  61787589
];
runtime_pagerank_2_ell = [
%  1.000000e-02  1.000000e-04  1.000000e-06  1.000000e-08  1.000000e-10  1.000000e-12
% adaptive
  4197775  9081381  16654190  28148810  42305930  57335450
];
runtime_pagerank_4_ell = [
%  1.000000e-02  1.000000e-04  1.000000e-06  1.000000e-08  1.000000e-10  1.000000e-12
% adaptive
  3996851  8469466  15403398  27753727  42832790  56978703
];
% all PageRank runtimes averaged over 10 executions (and measured in ns), PageRank executed with damping factor of 8.500000e-01; Sparse format: CSR

runtime_pagerank_1_csr = [
%  1.000000e-02  1.000000e-04  1.000000e-06  1.000000e-08  1.000000e-10  1.000000e-12
% delaunay_n22
  3621869  7207052  11586754  15245673  19611835  23270657
];
runtime_pagerank_2_csr = [
%  1.000000e-02  1.000000e-04  1.000000e-06  1.000000e-08  1.000000e-10  1.000000e-12
% delaunay_n22
  2262150  4571141  8405274  12048990  16439399  20080318
];
runtime_pagerank_4_csr = [
%  1.000000e-02  1.000000e-04  1.000000e-06  1.000000e-08  1.000000e-10  1.000000e-12
 % delaunay_n22
  2164883  4783975  8672145  12507149  17717340  21362171
];
% all PageRank runtimes averaged over 10 executions (and measured in ns), PageRank executed with damping factor of 8.500000e-01; Sparse format: ELL

runtime_pagerank_1_ell = [
%  1.000000e-02  1.000000e-04  1.000000e-06  1.000000e-08  1.000000e-10  1.000000e-12
% delaunay_n22
  6904280  13893456  22291724  29269501  37666545  44642411
];
runtime_pagerank_2_ell = [
%  1.000000e-02  1.000000e-04  1.000000e-06  1.000000e-08  1.000000e-10  1.000000e-12
% delaunay_n22
  4646169  9350832  17597021  24571911  32969226  39946619
];
runtime_pagerank_4_ell = [
%  1.000000e-02  1.000000e-04  1.000000e-06  1.000000e-08  1.000000e-10  1.000000e-12
% delaunay_n22
  4079006  8858647  15359000  21669588  30897255  37872421
];
% all PageRank runtimes averaged over 10 executions (and measured in ns), PageRank executed with damping factor of 8.500000e-01; Sparse format: CSR

runtime_pagerank_1_csr = [
%  1.000000e-02  1.000000e-04  1.000000e-06  1.000000e-08  1.000000e-10  1.000000e-12
% europe_osm
  51073623  136621469  225957564  322535832  419220486  519559811
];
runtime_pagerank_2_csr = [
%  1.000000e-02  1.000000e-04  1.000000e-06  1.000000e-08  1.000000e-10  1.000000e-12
% europe_osm
  38139074  101581573  186137404  279102780  375809602  476282598
];
runtime_pagerank_4_csr = [
%  1.000000e-02  1.000000e-04  1.000000e-06  1.000000e-08  1.000000e-10  1.000000e-12
 % europe_osm
  39371200  106156772  192196168  289827936  398775442  495444528
];
% all PageRank runtimes averaged over 10 executions (and measured in ns), PageRank executed with damping factor of 8.500000e-01; Sparse format: ELL

runtime_pagerank_1_ell = [
%  1.000000e-02  1.000000e-04  1.000000e-06  1.000000e-08  1.000000e-10  1.000000e-12
% europe_osm
  159426161  422889718  697836798  995722011  1293420374  1602724179
];
runtime_pagerank_2_ell = [
%  1.000000e-02  1.000000e-04  1.000000e-06  1.000000e-08  1.000000e-10  1.000000e-12
% europe_osm
  108832557  288430959  542364823  828685731  1126482213  1435783138
];
runtime_pagerank_4_ell = [
%  1.000000e-02  1.000000e-04  1.000000e-06  1.000000e-08  1.000000e-10  1.000000e-12
% europe_osm
  106583695  292103671  525068655  788975387  1090746868  1388609032
];
Sorry, this application does not support Market Market type: [matrix array real general]
% all PageRank runtimes averaged over 10 executions (and measured in ns), PageRank executed with damping factor of 8.500000e-01; Sparse format: CSR

runtime_pagerank_1_csr = [
%  1.000000e-02  1.000000e-04  1.000000e-06  1.000000e-08  1.000000e-10  1.000000e-12
% hugebubbles-00020
  17368394  41371896  79993394  130600245  184212557  231831399
];
runtime_pagerank_2_csr = [
%  1.000000e-02  1.000000e-04  1.000000e-06  1.000000e-08  1.000000e-10  1.000000e-12
% hugebubbles-00020
  13707850  32264430  68260457  118857423  172444809  220030081
];
runtime_pagerank_4_csr = [
%  1.000000e-02  1.000000e-04  1.000000e-06  1.000000e-08  1.000000e-10  1.000000e-12
 % hugebubbles-00020
  14341097  37615837  88738276  174219361  266653677  314106396
];
% all PageRank runtimes averaged over 10 executions (and measured in ns), PageRank executed with damping factor of 8.500000e-01; Sparse format: ELL

runtime_pagerank_1_ell = [
%  1.000000e-02  1.000000e-04  1.000000e-06  1.000000e-08  1.000000e-10  1.000000e-12
% hugebubbles-00020
  19096179  45083527  87311300  142549273  201006341  253026185
];
runtime_pagerank_2_ell = [
%  1.000000e-02  1.000000e-04  1.000000e-06  1.000000e-08  1.000000e-10  1.000000e-12
% hugebubbles-00020
  14763335  34727037  74205867  129436471  187871752  239850658
];
runtime_pagerank_4_ell = [
%  1.000000e-02  1.000000e-04  1.000000e-06  1.000000e-08  1.000000e-10  1.000000e-12
% hugebubbles-00020
  14595131  37951555  90346346  178886154  275160351  327136964
];
Sorry, this application does not support Market Market type: [matrix array real general]
% all PageRank runtimes averaged over 10 executions (and measured in ns), PageRank executed with damping factor of 8.500000e-01; Sparse format: CSR

runtime_pagerank_1_csr = [
%  1.000000e-02  1.000000e-04  1.000000e-06  1.000000e-08  1.000000e-10  1.000000e-12
% rgg_n_2_24_s0
  61248097  204782084  376005123  546801439  731158431  915757893
];
runtime_pagerank_2_csr = [
%  1.000000e-02  1.000000e-04  1.000000e-06  1.000000e-08  1.000000e-10  1.000000e-12
% rgg_n_2_24_s0
  27010136  90498027  215405490  386322784  570924991  755466942
];
