% Optimizations: vectorized own_csr own_ell single_block
% all PageRank runtimes averaged over 10 executions (and measured in ns); PageRank executed with damping factor of 8.500000e-01; Sparse format: CSR; Mode: interleaved with 128 Bytes; Using thread-buffer;

runtime_pagerank_1_csr = [
%  1.000000e-02  1.000000e-04  1.000000e-06  1.000000e-08  1.000000e-10  1.000000e-12
% adaptive
  15195870  23080918  135307466  328925866  528744048  745467541
% delaunay_n22
  28769302  72017867  173400997  309491179  467669051  640019076
% europe_osm
  455294858  1423111097  2467079825  3510820620  4592280458  5645517808
% hugebubbles-00020
  51330298  105897940  675750183  1380477006  2116502747  2877190000
% rgg_n_2_24_s0
  143291835  684340456  1446799377  2348162232  3248166631  4193342648
% road_usa
  290494673  762511282  1271324961  1781105821  2309803084  2839650488
% stanford
  6975821  18167621  30320225  42995262  55616497  68180773
% wb-edu
  120419922  386431983  674752099  972759314  1269720037  1576582675
% web-BerkStan
  14559410  44890293  77531678  111669679  145921271  180056581
% web-Google
  13914930  43921263  77512949  111185934  146155237  182361718
];
runtime_pagerank_2_csr = [
%  1.000000e-02  1.000000e-04  1.000000e-06  1.000000e-08  1.000000e-10  1.000000e-12
% adaptive
  16350884  24880658  148636578  342720986  545528870  763645570
% delaunay_n22
  32410895  82560907  198315789  336741632  496923717  672924896
% europe_osm
  499243541  1556098928  2699018389  3746145178  4826677875  5860503934
% hugebubbles-00020
  61757242  127881273  777160833  1488840268  2224673085  2991697671
% rgg_n_2_24_s0
  141490121  685197625  1486888351  2391135034  3303183746  4239167277
% road_usa
  289948136  763113092  1292686787  1802121412  2330351287  2861989673
% stanford
  6522364  17127084  30469573  43884365  57301155  70696317
% wb-edu
  118830371  382078843  683577505  983523761  1279996963  1591279210
% web-BerkStan
  14301998  44384072  80295728  114451397  148426251  182121462
% web-Google
  12525313  39584818  74468084  108343533  143667954  178655844
];
runtime_pagerank_4_csr = [
%  1.000000e-02  1.000000e-04  1.000000e-06  1.000000e-08  1.000000e-10  1.000000e-12
 % adaptive
  13857285  33856455  304332439  594381361  880593777  1122575629
 % delaunay_n22
  34163344  120686885  388762152  686884900  996522011  1192969844
 % europe_osm
  545245177  1778901671  3157840002  4630720887  6173911743  7213505986
 % hugebubbles-00020
  136968437  189036447  1347070022  2705584266  4085729208  4859707600
 % rgg_n_2_24_s0
  144193042  735673863  1547603723  2502674537  3508636102  4484337257
 % road_usa
  287535898  762434732  1298694008  1847659929  2441420082  2968849791
 % stanford
  7484330  20249781  35105195  51760929  69102788  81992897
 % wb-edu
  120852461  391183572  699097074  1030274482  1385601501  1683140490
 % web-BerkStan
  16486981  50433175  89153592  123206888  157190313  191083198
 % web-Google
  13704485  46696550  92063130  141228043  193864478  227572551
];
% all PageRank runtimes averaged over 10 executions (and measured in ns), PageRank executed with damping factor of 8.500000e-01; Sparse format: ELL; Mode: interleaved with 128 Bytes; Using thread-buffer;
runtime_pagerank_1_ell = [
%  1.000000e-02  1.000000e-04  1.000000e-06  1.000000e-08  1.000000e-10  1.000000e-12
% adaptive
  13892315  21299472  124293546  300664224  485539164  686178870
% delaunay_n22
  78032467  194294003  465245051  840143735  1267715261  1730735413
% europe_osm
  1108399400  3428885578  5923117328  8426732825  11053316498  13557169656
% hugebubbles-00020
  44922110  92599353  591781895  1210363473  1852918420  2525732498
% rgg_n_2_24_s0
  543260104  2561114618  5374890554  8765931426  12134667952  15671233088
% road_usa
  513968425  1343706552  2246219383  3139009803  4071012521  5001721519
% stanford
  137732345  355330772  588981556  838020656  1084643898  1311785540
];
runtime_pagerank_2_ell = [
%  1.000000e-02  1.000000e-04  1.000000e-06  1.000000e-08  1.000000e-10  1.000000e-12
% adaptive
  14579895  22302760  135852360  312823695  498136789  698210931
% delaunay_n22
  66873789  168391588  438307392  796183117  1218556164  1682023064
% europe_osm
  1232080656  3827046395  6571794718  9086959867  11658356105  14198877393
% hugebubbles-00020
  42714895  88269147  595814169  1223496311  1856290317  2525080042
% rgg_n_2_24_s0
  423337858  1960304693  4531815796  7786640022  11078305029  14504357788
% road_usa
  509386621  1324573044  2264194514  3160849387  4091048124  5029766015
% stanford
  119760113  315061382  554177358  794787554  1033497404  1276514833
];
runtime_pagerank_4_ell = [
%  1.000000e-02  1.000000e-04  1.000000e-06  1.000000e-08  1.000000e-10  1.000000e-12
% adaptive
  13829561  34613292  321311301  631050750  935625135  1157241928
% delaunay_n22
  123933669  477293232  1750630790  3378708965  5009783329  5569454571
% europe_osm
  2129130896  7041878524  12501789282  18343638474  24232343645  26787250644
% hugebubbles-00020
  132620207  186800484  1410117239  2847920990  4301069524  4966797238
% rgg_n_2_24_s0
  769015011  6009829995  13205481785  21724752965  30129740458  33794593274
% road_usa
  639067671  1682328952  2829518884  3969015558  5195912588  6143055939
% stanford
  281129234  734458701  1248707350  1805516253  2347744618  2596786899
];
