% Optimizations: vectorized own_csr own_ell single_block
% all PageRank runtimes averaged over 10 executions (and measured in ns); PageRank executed with damping factor of 8.500000e-01; Sparse format: CSR; Mode: interleaved with 8192 Bytes; Using thread-buffer;

runtime_pagerank_1_csr = [
%  1.000000e-02  1.000000e-04  1.000000e-06  1.000000e-08  1.000000e-10  1.000000e-12
% adaptive
  15128175  23222531  134962845  326790408  527394725  743944468
% delaunay_n22
  28826511  71861979  172587444  309285612  467409873  638989908
% europe_osm
  453830351  1420265659  2461315724  3501433854  4585430503  5618288358
% hugebubbles-00020
  51374158  105320352  674806228  1380550074  2113856993  2872061313
% rgg_n_2_24_s0
  142674443  685973672  1452528842  2358863837  3261311962  4203571687
% road_usa
  290730459  762082776  1269742616  1777476545  2306053059  2839069267
% stanford
  7020094  18493873  30892852  43861227  56572064  69949022
% wb-edu
  120498593  384750880  670566987  967382508  1262539119  1569286306
% web-BerkStan
  14475542  44722443  77474228  111465774  145435951  179053187
% web-Google
  13737730  43495637  77093466  110761815  145743958  180556400
];
runtime_pagerank_2_csr = [
%  1.000000e-02  1.000000e-04  1.000000e-06  1.000000e-08  1.000000e-10  1.000000e-12
% adaptive
  12154694  18109624  123989739  316118253  517452774  732703732
% delaunay_n22
  23583429  58663793  157123949  294823353  453511388  628467045
% europe_osm
  410303951  1278433403  2292452545  3338984648  4404887706  5442258808
% hugebubbles-00020
  55568558  115121135  722600569  1429269562  2156911029  2930532763
% rgg_n_2_24_s0
  96875265  459915110  1125646300  2029704605  2927269820  3868820241
% road_usa
  208625555  548584543  999872117  1505162846  2032598546  2558655770
% stanford
  6322845  16551665  29218889  42370897  55552099  68934770
% wb-edu
  81372126  261634557  509464746  805215215  1099460462  1406252348
% web-BerkStan
  9818456  30089084  59409433  93532614  127120515  161502540
% web-Google
  10531336  33680256  66071978  99506157  134177756  168961793
];
runtime_pagerank_4_csr = [
%  1.000000e-02  1.000000e-04  1.000000e-06  1.000000e-08  1.000000e-10  1.000000e-12
 % adaptive
  8893119  22061184  258435298  514574318  763057192  1002832627
 % delaunay_n22
  21430601  78132162  281898044  536446601  798941417  990354309
 % europe_osm
  445397572  1482438084  2694333241  4058576878  5483086804  6518238123
 % hugebubbles-00020
  116345538  165245590  1280350021  2591762827  3925717960  4687060136
 % rgg_n_2_24_s0
  80963694  572236145  1247168959  2038788066  2882413248  3860112101
 % road_usa
  195018474  534849808  958245939  1440226686  1958986553  2483941188
 % stanford
  6904212  18289598  31958000  49296933  66636859  79518889
 % wb-edu
  75780496  258704790  483420799  748393978  1037602477  1335693622
 % web-BerkStan
  12760370  41504254  75914840  109805873  143849124  177753560
 % web-Google
  11296940  39517536  78551400  122613243  168823121  202869055
];
% all PageRank runtimes averaged over 10 executions (and measured in ns), PageRank executed with damping factor of 8.500000e-01; Sparse format: ELL; Mode: interleaved with 8192 Bytes; Using thread-buffer;
runtime_pagerank_1_ell = [
%  1.000000e-02  1.000000e-04  1.000000e-06  1.000000e-08  1.000000e-10  1.000000e-12
% adaptive
  13765196  21066537  122761907  297180511  478659806  675861055
% delaunay_n22
  75331287  189925224  454103001  813232913  1231070011  1686906928
% europe_osm
  1095397724  3386257219  5863935314  8348398959  10907852524  13366161233
% hugebubbles-00020
  44610569  91559678  585879374  1201252099  1833860748  2493582990
% rgg_n_2_24_s0
  536374298  2561552829  5320660934  8655727532  12006869938  15544656210
% road_usa
  511889546  1339083736  2227329261  3123953034  4054817049  4977571666
% stanford
  137377216  352936899  590316036  825362416  1064490119  1306636798
];
runtime_pagerank_2_ell = [
%  1.000000e-02  1.000000e-04  1.000000e-06  1.000000e-08  1.000000e-10  1.000000e-12
% adaptive
  10439888  15887688  111907834  286875906  469859625  667782147
% delaunay_n22
  62224203  157748123  414848311  769294729  1173006971  1624303827
% europe_osm
  1102219282  3419313527  6024770091  8538658634  11107114075  13615226100
% hugebubbles-00020
  37232988  75811280  547065756  1163173517  1803198918  2468938775
% rgg_n_2_24_s0
  404833966  1943729179  4516653096  7848521412  11182693679  14660517920
% road_usa
  369617979  961853204  1754418066  2639086923  3569469949  4487291279
% stanford
  123217082  315274779  551282464  790007991  1030846089  1272101156
];
runtime_pagerank_4_ell = [
%  1.000000e-02  1.000000e-04  1.000000e-06  1.000000e-08  1.000000e-10  1.000000e-12
% adaptive
  9332514  22620516  271783419  545614985  809033998  1023949263
% delaunay_n22
  118370347  472817072  1791782089  3502834633  5249175199  5748530050
% europe_osm
  2068091072  6873619139  12275525272  18214464738  24225585785  26694280969
% hugebubbles-00020
  112116537  176583514  1398297895  2843012635  4304827378  4967588810
% rgg_n_2_24_s0
  761002605  6111205181  13440087638  22110893064  30661121775  34243818460
% road_usa
  614725409  1716862331  3141845270  4765070430  6469118786  7385662113
% stanford
  283718651  742414084  1262146554  1831694151  2400199341  2627881556
];
