% Optimizations: vectorized own_csr own_ell single_block
% all kernel runtimes averaged over 50 executions (and measured in ns); PageRank executed with damping factor of 8.500000e-01; Sparse format: CSR; Mode: interleaved with 8192 Bytes; Using thread-buffer;

data_basicblocks = [
% read/write double  &  SpMV CSR double  &  norm double  &  inplace conversion 2segment  &  read/write 2segment 32 bit  &  read/write 2segment 64 bit  &  SpMV CSR 2segment 32 bit  &  SpMV CSR 2segment 64 bit  &  norm 2segment 32 bit  &  norm 2segment 64 bit  &  inplace conversion 4segment  &  read/write 4segment 16 bit  &  read/write 4segment 32 bit  &  read/write 4segment 48 bit  &  read/write 4segment 64 bit  &  SpMV CSR 4segment 16 bit  &  SpMV CSR 4segment 32 bit  &  SpMV CSR 4segment 48 bit  &  SpMV CSR 4segment 64 bit  &  norm 4segment 16 bit  &  norm 4segment 32 bit  &  norm 4segment 48 bit  &  norm 4segment 64 bit
% adaptive
308268  6936972  162233  4144347  202151  858227  5247007  8322281  128011  142293  6016105  227257  358255  466947  509665  4164112  6284430  8760272  10794614  157976  242271  269277  280471
% delaunay_n22
129705  6582559  110193  3305574  115459  79490  5674455  8530571  105286  111909  4411782  141283  225208  293236  314807  4459310  6896229  9409037  11766117  124482  171188  189583  200361
% europe_osm
7442803  30760863  3083936  22871030  3497788  8974511  28920652  41685794  1643307  3104862  40253873  1752776  3544266  5115871  6866855  26189986  35882660  44697148  52945743  933692  1784512  2624996  3446998
% hugebubbles-00020
2781058  24254314  1392939  11973333  1684344  3708623  26531213  40064756  760355  1510828  16916534  714253  1258583  1844450  2182519  25381301  36788666  46930651  58804966  424447  767577  1176634  1576813
% rgg_n_2_24_s0
1688313  33092095  792033  39675916  926228  1779097  22300907  33063331  455654  862010  42042903  571465  964962  1320056  1715229  16735283  23364200  32416518  37989424  307764  558665  755974  948062
% road_usa
3082798  16314267  1330485  11646397  1448813  3970158  11003439  17523465  707405  1357669  19129608  807446  1533349  2216062  2942660  8494564  11873717  15726312  19104100  445901  811115  1186524  1463282
% stanford
17283  358011  71343  70437  15239  44251  323466  431534  71917  71060  386322  20534  27738  32052  33567  340004  431494  537608  625720  69450  67112  68575  69262
% wb-edu
751988  8711543  270089  8890397  346629  1288003  5724835  8808424  175499  265859  11222187  323531  516268  678280  760934  4737744  6385120  8349339  9807828  191372  321748  389442  416240
% web-BerkStan
20759  1045817  81432  302354  21345  86612  687278  1079835  79655  80504  727774  32753  47894  58285  63681  769195  1114429  1587147  1846284  82572  89687  95697  95900
% web-Google
23082  1107835  76599  116665  20838  114472  884092  1421849  77182  77581  667299  38443  57171  74167  78972  756550  1110818  1557932  1976901  81605  92921  97855  101371
];
data_norms = [
% double selective-norm  &  double diff-norm  &  2segment 32 bit selective-norm  &  2segment 64 bit selective-norm  &  2segment 32 bit diff-norm  &  2segment 64 bit diff-norm  &  4segment 16 bit selective-norm  &  4segment 32 bit selective-norm  &  4segment 48 bit selective-norm  &  4segment 64 bit selective-norm  &  4segment 16 bit diff-norm  &  4segment 32 bit diff-norm  &  4segment 48 bit diff-norm  &  4segment 64 bit diff-norm
% adaptive
20115  538741  19943  20525  265547  523127  19279  19680  19318  19593  204563  360721  489299  631343
% delaunay_n22
23150  177423  24268  24188  119953  228377  23605  23767  24065  24794  144657  232068  278800  359971
% europe_osm
19553  6530990  19163  21063  3186363  6289468  20617  21962  21974  21322  1934897  3719508  5370839  7155425
% hugebubbles-00020
16252  2613520  16557  17298  1405309  2715142  16021  15879  16222  16227  689264  1344187  2043014  2799338
% rgg_n_2_24_s0
24958  1994197  25376  24794  832552  1908879  27180  26468  26089  25939  509341  1013617  1473633  2043670
% road_usa
22384  2821720  22653  21992  1501675  3008851  23372  22212  22146  22118  798803  1600763  2338373  3142937
% stanford
20973  72963  21243  20644  70459  70808  21294  20802  20774  21212  67270  72748  74719  78728
% wb-edu
104860  1014255  113246  139949  496905  965931  110571  124065  153308  181099  287293  573149  762247  1121943
% web-BerkStan
26014  81393  25523  25127  80442  83691  25850  25451  25106  25193  85314  102758  111118  117942
% web-Google
24360  77327  24474  24847  75480  78656  25111  25432  27218  28409  88549  108918  119661  127962
];
data_normalization_conversion = [
% 2segment 32->64 bit  &  2segment in-place conversion  &  4segment 16->32 bit  &  4segment 32->48 bit  &  4segment 48->64 bit  &  4segment in-place conversion
% adaptive
393067  4144347  793642  1131924  1419948  6016105
% delaunay_n22
265934  3305574  521865  735635  936846  4411782
% europe_osm
8977294  22871030  5232350  7626308  10073371  40253873
% hugebubbles-00020
3368453  11973333  2018068  2975082  3741802  16916534
% rgg_n_2_24_s0
2117222  39675916  1638731  2381908  2983982  42042903
% road_usa
3688845  11646397  2330007  3419957  4358545  19129608
% stanford
91448  70437  112404  129475  146382  386322
% wb-edu
664203  8890397  1097843  1599462  1992417  11222187
% web-BerkStan
116117  302354  164591  204499  234687  727774
% web-Google
115173  116665  176814  228614  271820  667299
];
% all PageRank runtimes averaged over 5 executions (and measured in ns), PageRank executed with damping factor of 8.500000e-01 and an epsilon of 1.000000e-10; Sparse format: CSR
data_oneiteration = [
% runtime/iter double  &  runtime/iter 2-segment 32 bit  &  runtime/iter 2-segment 64 bit  &  runtime/iter 4-segment 16 bit  &  runtime/iter 4-segment 32 bit  &  runtime/iter 4-segment 48 bit  &  runtime/iter 4-segment 64 bit
% adaptive
8049898  6028066  7948014  4886580  4874813  9669664  8619472
% delaunay_n22
7269152  6168680  7281038  4996104  7311564  9961430  8814047
% europe_osm
38751086  34933964  38028593  28849636  41615853  52499956  37484144
% hugebubbles-00020
27562865  29663408  27052401  27267400  28562857  49378295  33113131
% rgg_n_2_24_s0
36316258  24253948  36065723  17735144  19369870  35124851  33023967
% road_usa
19824482  14114856  19595495  9454158  14605529  19353443  16509722
% stanford
487258  423442  496824  445106  542022  646720  620934
% wb-edu
11086579  7427510  11083725  5534189  8208916  10619281  10433291
% web-BerkStan
1244291  833285  1224119  921816  1316901  1340900  1245348
% web-Google
1273228  951503  1275484  921528  1269135  1723320  1669911
];
data_pagerank = [
% total iterations double  &  total runtime PageRank double  &  total iterations 2segment  &  switch point 2segment  &  total runtime 2segment  &  total iterations 4segment  &  switch point 4segment 16->32  &  switch point 4segment 32->48  &  switch point 4segment 48->64  &  total runtime 4segment
% adaptive
65  523243420  65  7  513747118  84  1  2  83  815872177
% delaunay_n22
64  465225790  64  15  459041595  88  1  22  86  825301055
% europe_osm
118  4572628187  118  50  4399425290  119  1  51  116  5726627847
% hugebubbles-00020
77  2122340617  77  12  2159372511  82  1  2  79  4010217498
% rgg_n_2_24_s0
89  3232146963  89  28  2945167057  93  1  2  91  3296047665
% road_usa
117  2319464496  117  51  2042610760  117  1  51  115  2050063217
% stanford
118  57496476  118  51  55468398  118  1  51  115  72019019
% wb-edu
114  1263870101  114  47  1108685008  115  1  47  112  1126143837
% web-BerkStan
119  148070714  119  50  127380349  119  1  50  51  153728406
% web-Google
116  147694465  116  47  133912588  116  1  47  114  180370283
];
