% Optimizations: vectorized own_csr own_ell single_block
% all kernel runtimes averaged over 50 executions (and measured in ns); PageRank executed with damping factor of 8.500000e-01; Sparse format: CSR; Mode: interleaved with 128 Bytes; Using thread-buffer;

data_basicblocks = [
% read/write double  &  SpMV CSR double  &  norm double  &  inplace conversion 2segment  &  read/write 2segment 32 bit  &  read/write 2segment 64 bit  &  SpMV CSR 2segment 32 bit  &  SpMV CSR 2segment 64 bit  &  norm 2segment 32 bit  &  norm 2segment 64 bit  &  inplace conversion 4segment  &  read/write 4segment 16 bit  &  read/write 4segment 32 bit  &  read/write 4segment 48 bit  &  read/write 4segment 64 bit  &  SpMV CSR 4segment 16 bit  &  SpMV CSR 4segment 32 bit  &  SpMV CSR 4segment 48 bit  &  SpMV CSR 4segment 64 bit  &  norm 4segment 16 bit  &  norm 4segment 32 bit  &  norm 4segment 48 bit  &  norm 4segment 64 bit
% adaptive
257361  7035126  171437  5147014  445373  1256178  7347530  8451398  215478  265776  8351011  485305  595382  664391  1196732  6418664  8470944  9378374  9828347  265930  377022  460444  466605
% delaunay_n22
156117  6574167  117507  4396353  319076  312273  7405123  8384814  154850  165076  6221679  320302  276985  344996  721851  7375125  9988109  10771795  11070031  164006  236348  270609  252949
% europe_osm
6940516  30935591  3215141  25648495  4932486  11043324  33356380  41077065  3287608  3904034  53146051  4431718  5595024  6972263  9725967  32742321  39438453  45643048  52218415  3025223  3949971  4469353  4904576
% hugebubbles-00020
2538838  24163756  1281678  13397415  2038229  4562764  28246000  40178984  1391331  1520481  28782683  1866778  2281498  2777181  4124717  29810347  38236863  46244565  57803639  1257681  1702218  1886969  1995668
% rgg_n_2_24_s0
1806469  33350399  910013  44810720  1500638  2128547  33066717  33171635  1018696  1144806  54353474  1437401  1759064  2166411  3308650  31362006  33379688  34128654  35491392  1203635  1410221  1486921  1555255
% road_usa
2893018  16000068  1757544  13084900  2323355  5034721  15696085  16717820  1510881  1756605  25555091  2072417  2645089  3179129  4795276  13615607  15896948  16939425  17314542  1443122  1893450  2127956  2237668
% stanford
17833  371519  70123  286242  16798  56842  325647  405786  70056  70162  571094  21818  29791  39576  59754  339854  443315  543617  611697  72695  75905  77748  77498
% wb-edu
676609  8726311  400635  10528766  727959  1898802  8277636  8901402  478247  528654  15163785  761412  954815  1148311  1850051  7916005  8531309  9248153  9950399  515031  685634  800478  806615
% web-BerkStan
29541  1059314  55527  825065  32979  129903  1044911  1110050  65989  66403  1302878  35413  46809  84154  130648  1191985  1285720  1684887  1860171  68551  76661  75793  85702
% web-Google
47747  1114951  70152  546405  58661  163507  957675  1413915  74879  75192  966370  71948  74846  89028  161349  808816  1196729  1677567  2044936  76415  89102  94705  98501
];
data_norms = [
% double selective-norm  &  double diff-norm  &  2segment 32 bit selective-norm  &  2segment 64 bit selective-norm  &  2segment 32 bit diff-norm  &  2segment 64 bit diff-norm  &  4segment 16 bit selective-norm  &  4segment 32 bit selective-norm  &  4segment 48 bit selective-norm  &  4segment 64 bit selective-norm  &  4segment 16 bit diff-norm  &  4segment 32 bit diff-norm  &  4segment 48 bit diff-norm  &  4segment 64 bit diff-norm
% adaptive
15011  517089  15018  15444  562996  779118  14587  14384  15191  15309  521292  783234  1008320  1058775
% delaunay_n22
21082  252626  22101  22668  276991  373444  21292  23357  22710  23395  280716  417638  551350  541340
% europe_osm
16885  6639670  18300  17786  6139306  7965907  17171  19785  19396  19731  4128566  6536751  8078142  9216481
% hugebubbles-00020
16434  2624333  16061  16158  2459901  3289741  16788  16461  16373  16487  1785779  2761576  3425559  3644748
% rgg_n_2_24_s0
22502  1989821  22740  23539  1859958  2515892  21710  24120  23208  23949  1848509  2146979  2680403  2955289
% road_usa
21806  3186315  20598  19208  2798113  3632614  20137  20258  20378  20319  2035188  3127593  3898284  4264235
% stanford
21417  68810  21381  21591  68552  71650  21297  20989  21227  21435  70264  82100  84181  86509
% wb-edu
126752  1004097  146082  267539  945648  1302360  148209  245225  318803  363819  777387  1178562  1504562  1648745
% web-BerkStan
25368  79059  24575  24565  69204  71858  25108  24945  24905  24954  72572  89766  96277  106739
% web-Google
25679  77883  25912  26300  79490  82437  26067  27178  28351  29213  84064  105501  108934  120915
];
data_normalization_conversion = [
% 2segment 32->64 bit  &  2segment in-place conversion  &  4segment 16->32 bit  &  4segment 32->48 bit  &  4segment 48->64 bit  &  4segment in-place conversion
% adaptive
1296892  5147014  776671  977666  1789712  8351011
% delaunay_n22
687511  4396353  375114  463968  1029851  6221679
% europe_osm
12715848  25648495  8895344  10498536  16001075  53146051
% hugebubbles-00020
5351029  13397415  3456821  4064708  6354588  28782683
% rgg_n_2_24_s0
4248786  44810720  2747173  3296729  4936998  54353474
% road_usa
6230652  13084900  4055229  4773661  7344833  25555091
% stanford
113536  286242  99692  107331  127476  571094
% wb-edu
2150770  10528766  1341895  1620533  2743821  15163785
% web-BerkStan
184700  825065  118364  142024  219170  1302878
% web-Google
200663  546405  137225  178944  252514  966370
];
% all PageRank runtimes averaged over 5 executions (and measured in ns), PageRank executed with damping factor of 8.500000e-01 and an epsilon of 1.000000e-10; Sparse format: CSR
data_oneiteration = [
% runtime/iter double  &  runtime/iter 2-segment 32 bit  &  runtime/iter 2-segment 64 bit  &  runtime/iter 4-segment 16 bit  &  runtime/iter 4-segment 32 bit  &  runtime/iter 4-segment 48 bit  &  runtime/iter 4-segment 64 bit
% adaptive
8178284  8370550  8008835  7294990  8381057  10994730  7972883
% delaunay_n22
7348909  8130578  7236892  7921600  10818445  11598452  8733016
% europe_osm
38900939  42184092  38655688  36195846  49221689  56168415  35692514
% hugebubbles-00020
27442777  32647235  27382592  31274368  34239866  51245992  30609577
% rgg_n_2_24_s0
36458929  35745326  36011073  32133992  35703981  38033849  32335071
% road_usa
19911619  19714957  19795130  15611386  20356593  21972172  14923982
% stanford
467837  411689  467581  463508  545469  637040  621651
% wb-edu
11141427  10889788  11147832  9161026  11464606  12500629  10316378
% web-BerkStan
1214256  1191317  1221996  1562307  1500351  1572662  1221877
% web-Google
1254900  1088675  1260255  1036337  1447400  1915420  1820349
];
data_pagerank = [
% total iterations double  &  total runtime PageRank double  &  total iterations 2segment  &  switch point 2segment  &  total runtime 2segment  &  total iterations 4segment  &  switch point 4segment 16->32  &  switch point 4segment 32->48  &  switch point 4segment 48->64  &  total runtime 4segment
% adaptive
65  531588463  65  7  537920983  84  1  2  83  933412761
% delaunay_n22
64  470330204  64  15  489781216  88  1  22  86  1010888605
% europe_osm
118  4590310860  118  50  4818340460  119  1  51  116  6380042404
% hugebubbles-00020
77  2113093851  77  12  2223031322  82  1  2  79  4177217948
% rgg_n_2_24_s0
89  3244844698  89  28  3282349698  93  1  2  91  3614989804
% road_usa
117  2329659453  117  51  2350972228  117  1  51  115  2526848581
% stanford
118  55204853  118  51  53135656  118  1  51  115  71741822
% wb-edu
114  1270122706  114  47  1282294481  115  1  47  112  1410054612
% web-BerkStan
119  144496505  119  50  146084870  119  1  50  51  163085283
% web-Google
116  145568428  116  47  139961339  116  1  47  114  202162245
];
