% Optimizations: vectorized own_csr own_ell
% all kernel runtimes averaged over 50 executions (and measured in ns); PageRank executed with damping factor of 8.500000e-01; Sparse format: CSR; Mode: Using completely separate approach;

data_basicblocks = [
% read/write double  &  SpMV CSR double  &  norm double  &  inplace conversion 2segment  &  read/write 2segment 32 bit  &  read/write 2segment 64 bit  &  SpMV CSR 2segment 32 bit  &  SpMV CSR 2segment 64 bit  &  norm 2segment 32 bit  &  norm 2segment 64 bit  &  inplace conversion 4segment  &  read/write 4segment 16 bit  &  read/write 4segment 32 bit  &  read/write 4segment 48 bit  &  read/write 4segment 64 bit  &  SpMV CSR 4segment 16 bit  &  SpMV CSR 4segment 32 bit  &  SpMV CSR 4segment 48 bit  &  SpMV CSR 4segment 64 bit  &  norm 4segment 16 bit  &  norm 4segment 32 bit  &  norm 4segment 48 bit  &  norm 4segment 64 bit
% adaptive
240314  6997239  156519  868035  169145  387449  4740829  8171676  112354  182367  3530453  320833  683907  858286  1097740  3290706  5419771  7811764  10350521  218180  267174  334685  449977
% delaunay_n22
126252  6655030  98598  286617  109580  255107  4940028  8293550  92726  116366  1830361  186172  394633  499349  620273  3529525  5735135  8305968  11009772  150011  187380  213102  258667
% europe_osm
7305380  30836803  4093517  10397756  3449769  7912087  26246954  41625276  1968847  3900135  35459051  2671677  5836007  7933260  9259286  18847018  31046555  41192420  51879473  2816831  3881951  5911825  6253626
% hugebubbles-00020
2664847  24280003  1430879  4184128  896792  2874382  19973141  35542080  573768  1442695  14186351  955906  2315288  3214269  3968549  11587304  26435975  39851836  54542307  697262  1218854  1622816  2584727
% rgg_n_2_24_s0
1761783  32461155  950397  3153678  587117  2013617  21707979  32706235  373692  1237257  10649888  727483  1859726  2556316  3227092  16091874  21476092  26944233  32381101  458343  920252  1363080  1665939
% road_usa
2998989  16135602  1625335  4715680  1129837  3306433  10582889  17385447  701399  1750592  15944956  1108812  2630633  3723819  4278304  6627905  10643831  14690461  18847894  770339  1607402  2035444  2546514
% stanford
22097  370414  77465  14687  19387  30762  321153  417450  77399  75982  157446  18974  29992  33805  37103  311084  368156  452631  541807  30817  31168  31880  27138
% wb-edu
685004  8714638  359196  1673378  250936  1010143  5592391  8744928  133619  414995  5721662  469589  989523  1441660  1768576  4131247  5727877  7388687  8983590  465335  492111  681670  869066
% web-BerkStan
32668  1031346  83551  40671  28914  54654  610455  1041547  83264  83538  329247  24117  66609  81345  101080  601341  765662  1027380  1298571  42119  32397  36493  39448
% web-Google
37701  1100588  81156  56127  33587  69830  831312  1322469  78604  76505  404521  30177  102630  113880  116601  672019  997236  1405350  1842043  47381  40497  47131  49910
];
data_norms = [
% double selective-norm  &  double diff-norm  &  2segment 32 bit selective-norm  &  2segment 64 bit selective-norm  &  2segment 32 bit diff-norm  &  2segment 64 bit diff-norm  &  4segment 16 bit selective-norm  &  4segment 32 bit selective-norm  &  4segment 48 bit selective-norm  &  4segment 64 bit selective-norm  &  4segment 16 bit diff-norm  &  4segment 32 bit diff-norm  &  4segment 48 bit diff-norm  &  4segment 64 bit diff-norm
% adaptive
22877  586973  23524  21595  207679  677228  19921  22724  22988  23234  255947  539582  800374  1054311
% delaunay_n22
17394  195825  16627  16092  128666  234609  15908  19961  20068  19864  207809  228310  405495  596231
% europe_osm
21658  8041619  21678  23231  4103360  7808477  20640  23156  22897  23122  3645596  5570909  7620582  9110377
% hugebubbles-00020
21993  2997540  21738  22287  1521861  3054187  19572  22316  21934  22161  1658372  2775787  3498230  3962814
% rgg_n_2_24_s0
18046  2245611  19011  18739  1154587  2606431  17117  17788  17795  17362  933814  1760467  2596607  3410386
% road_usa
21560  3463948  21303  21700  1854103  3708266  20553  23150  23056  23561  1703447  2635662  3475017  4250996
% stanford
24249  76583  23805  23485  73101  77795  23892  23890  23862  23884  29916  25634  27003  29991
% wb-edu
140868  1101913  150785  212502  480628  1255181  178508  142655  207576  357534  466210  1018982  1474611  1727249
% web-BerkStan
28387  86376  27753  28032  78127  80426  27619  27386  27823  28145  31426  40409  51237  58817
% web-Google
27772  86058  29245  29907  78564  84433  28465  29223  29272  29820  37589  52145  66648  74472
];
data_normalization_conversion = [
% 2segment 32->64 bit  &  2segment in-place conversion  &  4segment 16->32 bit  &  4segment 32->48 bit  &  4segment 48->64 bit  &  4segment in-place conversion
% adaptive
1808213  868035  1116839  1380822  1701188  3530453
% delaunay_n22
1147115  286617  659106  784163  984658  1830361
% europe_osm
12699238  10397756  9627062  14029210  16114115  35459051
% hugebubbles-00020
5429145  4184128  3904275  5111943  6973045  14186351
% rgg_n_2_24_s0
4165116  3153678  2965988  4012710  5235845  10649888
% road_usa
6288830  4715680  4414971  5744025  7300387  15944956
% stanford
151441  14687  60270  64822  73025  157446
% wb-edu
2654817  1673378  1623740  2167724  2948148  5721662
% web-BerkStan
238238  40671  126793  148576  166189  329247
% web-Google
296007  56127  178129  200313  213929  404521
];
% all PageRank runtimes averaged over 5 executions (and measured in ns), PageRank executed with damping factor of 8.500000e-01 and an epsilon of 1.000000e-10; Sparse format: CSR
data_oneiteration = [
% runtime/iter double  &  runtime/iter 2-segment 32 bit  &  runtime/iter 2-segment 64 bit  &  runtime/iter 4-segment 16 bit  &  runtime/iter 4-segment 32 bit  &  runtime/iter 4-segment 48 bit  &  runtime/iter 4-segment 64 bit
% adaptive
8094903  5115329  7977875  3923734  4115252  8594557  14280841
% delaunay_n22
7296640  5328388  7226447  3836072  6121513  9037211  7941070
% europe_osm
40020075  33040348  39776003  22528779  39381538  51735390  36160626
% hugebubbles-00020
28045178  23449390  27649109  13213008  16062925  45748614  30685441
% rgg_n_2_24_s0
36215141  23080122  35567399  17521328  18895479  30360707  30317536
% road_usa
20431456  14084321  20004941  8333712  14617515  19978348  15401136
% stanford
476537  414152  480235  404025  413439  495018  508301
% wb-edu
11231419  7464901  11108803  5361230  7884215  10232595  9987158
% web-BerkStan
1239100  759297  1221817  712865  869972  931171  1233389
% web-Google
1268245  876149  1274171  789664  1087122  1509037  1405432
];
data_pagerank = [
% total iterations double  &  total runtime PageRank double  &  total iterations 2segment  &  switch point 2segment  &  total runtime 2segment  &  total iterations 4segment  &  switch point 4segment 16->32  &  switch point 4segment 32->48  &  switch point 4segment 48->64  &  total runtime 4segment
% adaptive
65  526168735  65  7  506315903  84  1  2  83  730132355
% delaunay_n22
64  466984989  64  15  440784170  88  1  22  86  734746062
% europe_osm
118  4722368918  118  50  4412923506  119  1  51  116  5560646575
% hugebubbles-00020
77  2159478779  77  12  2111647798  82  1  2  79  3687364461
% rgg_n_2_24_s0
89  3223147633  89  28  2846254407  93  1  2  91  2839540948
% road_usa
117  2390480374  117  51  2063715782  117  1  51  115  2090364555
% stanford
118  56231391  118  51  53878133  118  1  51  115  55041933
% wb-edu
114  1280381864  114  47  1106933623  115  1  47  112  1080938037
% web-BerkStan
119  147452920  119  50  123308901  119  1  50  51  129626969
% web-Google
116  147116454  116  47  130325395  116  1  47  114  156500644
];
data_pagerank_speedups = [
% double  &  2 segment  &  4 segment
1  1.03921  0.720648
1  1.05944  0.635573
1  1.07012  0.849248
1  1.02265  0.585643
1  1.13242  1.13509
1  1.15834  1.14357
1  1.04368  1.02161
1  1.15669  1.18451
1  1.1958  1.13752
1  1.12884  0.940037
];
