% Optimizations: vectorized own_csr own_ell single_block
% all kernel runtimes averaged over 50 executions (and measured in ns); PageRank executed with damping factor of 8.500000e-01; Sparse format: CSR; Mode: interleaved with 8192 Bytes; Using thread-buffer;

data_basicblocks = [
% read/write double  &  SpMV CSR double  &  norm double  &  inplace conversion 2segment  &  read/write 2segment 32 bit  &  read/write 2segment 64 bit  &  SpMV CSR 2segment 32 bit  &  SpMV CSR 2segment 64 bit  &  norm 2segment 32 bit  &  norm 2segment 64 bit  &  inplace conversion 4segment  &  read/write 4segment 16 bit  &  read/write 4segment 32 bit  &  read/write 4segment 48 bit  &  read/write 4segment 64 bit  &  SpMV CSR 4segment 16 bit  &  SpMV CSR 4segment 32 bit  &  SpMV CSR 4segment 48 bit  &  SpMV CSR 4segment 64 bit  &  norm 4segment 16 bit  &  norm 4segment 32 bit  &  norm 4segment 48 bit  &  norm 4segment 64 bit
% adaptive
289660  7043702  115702  4103825  162182  849167  5274929  8145784  116354  137918  4943277  151865  253165  354342  427427  3954637  6083746  8356453  10555261  191720  211010  215959  220545
% delaunay_n22
102002  6686811  110489  3013818  94368  77081  5407418  8471278  104229  111632  3638890  97060  166046  228029  271590  4316869  6746197  9140065  11025255  129228  138977  143274  145377
% europe_osm
7391252  30850391  3012119  22406657  3600517  9060783  28445584  41393875  1636759  3090858  39005810  1979272  3318141  4993073  6340135  23976038  34336643  42914723  51363320  1339264  1711355  2421422  3178157
% hugebubbles-00020
2648783  24411918  1378514  11613456  1566697  3600227  26387035  40031185  761469  1536070  15900224  742410  1238273  1825389  2125261  22743741  35407867  45555084  54402875  571970  753296  1119308  1493817
% rgg_n_2_24_s0
2237589  33445410  812963  39285585  931956  1692581  22280380  32893618  442353  835043  40702187  518254  842728  1260325  1608227  16436323  22004403  27740944  32936676  457003  539160  644383  743341
% road_usa
3211127  16059778  1310844  11371075  1616850  3992274  11132485  17619989  710715  1312682  18129028  886644  1467886  1984002  2650456  7749450  11364029  15159855  18326494  644320  793480  1094057  1405014
% stanford
16268  357556  74691  57903  15273  44428  312106  408769  72535  74096  207849  16905  23656  29528  33340  317344  405357  490013  560622  26813  26949  27285  27320
% wb-edu
526427  8660892  220836  8862653  291312  1254747  5714867  8746419  173200  249805  10371494  211788  374272  531767  638568  4360423  6053042  7649213  9342133  273663  300395  310713  331501
% web-BerkStan
20566  1030250  76084  186011  21174  87100  683948  1082814  78291  78584  415357  25712  39928  53598  56763  711356  1042543  1337175  1578308  39141  40996  41246  41571
% web-Google
21238  1103461  77712  154608  21238  114505  874830  1393009  79169  79069  367892  29611  43605  58616  67749  716770  1034238  1406433  1855627  42946  45605  46365  46925
];
data_norms = [
% double selective-norm  &  double diff-norm  &  2segment 32 bit selective-norm  &  2segment 64 bit selective-norm  &  2segment 32 bit diff-norm  &  2segment 64 bit diff-norm  &  4segment 16 bit selective-norm  &  4segment 32 bit selective-norm  &  4segment 48 bit selective-norm  &  4segment 64 bit selective-norm  &  4segment 16 bit diff-norm  &  4segment 32 bit diff-norm  &  4segment 48 bit diff-norm  &  4segment 64 bit diff-norm
% adaptive
20512  456805  20031  20901  148825  454591  19187  20895  21136  20957  195806  245460  380087  462891
% delaunay_n22
22411  172784  23163  23431  123090  173511  23452  23404  23303  23190  130425  156337  217333  255859
% europe_osm
22454  6368805  22652  22332  3178423  6129632  22816  21806  21705  21898  1656987  3230015  5020790  6696340
% hugebubbles-00020
17986  2592271  18393  17847  1410741  2713718  18261  17868  17919  17949  659462  1269703  1955826  2623896
% rgg_n_2_24_s0
23231  2012861  23967  24293  785471  1930999  23854  24674  23874  24382  479075  853046  1314570  1820263
% road_usa
19986  2779290  20551  21533  1474592  2996105  19878  20969  21056  21471  725196  1456259  2194528  2965676
% stanford
21230  76990  21239  20783  73741  72034  20580  21134  21329  21567  26192  28139  32466  35563
% wb-edu
104155  1013378  111687  134697  486867  932506  109150  127606  160341  190551  292774  382616  571067  888598
% web-BerkStan
23681  78577  23942  23553  76867  79542  23891  23458  23685  23893  39270  42567  52760  59376
% web-Google
24293  80141  24883  24830  78904  80727  25740  25752  27495  28742  44038  48362  61296  66925
];
data_normalization_conversion = [
% 2segment 32->64 bit  &  2segment in-place conversion  &  4segment 16->32 bit  &  4segment 32->48 bit  &  4segment 48->64 bit  &  4segment in-place conversion
% adaptive
368986  4103825  467646  588943  675716  4943277
% delaunay_n22
265469  3013818  330184  383815  428777  3638890
% europe_osm
8972553  22406657  4827705  7069465  9074651  39005810
% hugebubbles-00020
3446570  11613456  1711419  2478878  3096493  15900224
% rgg_n_2_24_s0
2136560  39285585  1323033  1818637  2288411  40702187
% road_usa
3717170  11371075  1977746  2788326  3685103  18129028
% stanford
96011  57903  51937  59785  63423  207849
% wb-edu
613751  8862653  697563  903502  1049523  10371494
% web-BerkStan
117252  186011  85209  99378  106742  415357
% web-Google
121141  154608  91733  109197  117860  367892
];
% all PageRank runtimes averaged over 5 executions (and measured in ns), PageRank executed with damping factor of 8.500000e-01 and an epsilon of 1.000000e-10; Sparse format: CSR
data_oneiteration = [
% runtime/iter double  &  runtime/iter 2-segment 32 bit  &  runtime/iter 2-segment 64 bit  &  runtime/iter 4-segment 16 bit  &  runtime/iter 4-segment 32 bit  &  runtime/iter 4-segment 48 bit  &  runtime/iter 4-segment 64 bit
% adaptive
8066898  5895107  8000307  4652253  4560365  8919031  8510514
% delaunay_n22
7303939  5993071  7255857  4710920  7140938  9657360  8947459
% europe_osm
38839722  35056074  38126108  27041332  39443089  50193484  37174430
% hugebubbles-00020
27373052  29596490  27026316  24690033  26169394  49162946  33575453
% rgg_n_2_24_s0
36287330  24216140  36035826  16922708  18273348  30564551  30845311
% road_usa
19845482  14264555  19583061  8744914  14045196  18850997  16448102
% stanford
465258  412010  475770  386907  461422  566640  660509
% wb-edu
11121602  7446891  11040066  5210093  7589887  9727430  10411851
% web-BerkStan
1226878  827826  1235450  882517  1149383  1189579  1231645
% web-Google
1257716  1001206  1254920  842461  1138740  1528361  1681733
];
data_pagerank = [
% total iterations double  &  total runtime PageRank double  &  total iterations 2segment  &  switch point 2segment  &  total runtime 2segment  &  total iterations 4segment  &  switch point 4segment 16->32  &  switch point 4segment 32->48  &  switch point 4segment 48->64  &  total runtime 4segment
% adaptive
65  524348413  65  7  515651934  84  1  2  83  751492958
% delaunay_n22
64  467452142  64  15  454705937  88  1  22  86  800129694
% europe_osm
118  4583087208  118  50  4411814872  119  1  51  116  5460314978
% hugebubbles-00020
77  2107725066  77  12  2156525290  82  1  2  79  3985009963
% rgg_n_2_24_s0
89  3229572445  89  28  2941876392  93  1  2  91  2880187139
% road_usa
117  2321921480  117  51  2049327698  117  1  51  115  1985690182
% stanford
118  54900489  118  51  53455419  118  1  51  115  62474574
% wb-edu
114  1267862739  114  47  1106612080  115  1  47  112  1036095877
% web-BerkStan
119  145998527  119  50  127768732  119  1  50  51  143733284
% web-Google
116  145895073  116  47  134923724  116  1  47  114  160517455
];
