% Optimizations: vectorized own_csr own_ell single_block
% all kernel runtimes averaged over 50 executions (and measured in ns); PageRank executed with damping factor of 8.500000e-01; Sparse format: CSR; Mode: interleaved with 128 Bytes; Using thread-buffer;

data_basicblocks = [
% read/write double  &  SpMV CSR double  &  norm double  &  inplace conversion 2segment  &  read/write 2segment 32 bit  &  read/write 2segment 64 bit  &  SpMV CSR 2segment 32 bit  &  SpMV CSR 2segment 64 bit  &  norm 2segment 32 bit  &  norm 2segment 64 bit  &  inplace conversion 4segment  &  read/write 4segment 16 bit  &  read/write 4segment 32 bit  &  read/write 4segment 48 bit  &  read/write 4segment 64 bit  &  SpMV CSR 4segment 16 bit  &  SpMV CSR 4segment 32 bit  &  SpMV CSR 4segment 48 bit  &  SpMV CSR 4segment 64 bit  &  norm 4segment 16 bit  &  norm 4segment 32 bit  &  norm 4segment 48 bit  &  norm 4segment 64 bit
% adaptive
288736  7021227  189331  5040197  459974  1236621  7457194  8421075  206006  246995  7706918  436268  414622  504930  1142904  6171028  8318568  8978232  9436564  255232  323883  363289  389378
% delaunay_n22
128970  6672652  116157  4303754  320320  313611  7500112  8422310  149870  161660  6133997  308264  206497  265055  695628  7138931  9776948  10665867  10834626  176493  219701  244035  235436
% europe_osm
6962318  30841236  3047567  25987794  5089996  11143133  33300021  40788839  3258135  3838062  52090072  4131409  5138463  6461139  10185509  31329912  37726287  44440810  49753786  3164079  3888831  4326249  4664692
% hugebubbles-00020
2509050  24261721  1261881  13499092  2117287  4454856  28223064  40309289  1405037  1512149  27296824  1704960  2063378  2447887  4120938  26652764  37328506  45382945  54302967  1296215  1628486  1780061  1852683
% rgg_n_2_24_s0
1722050  33731642  859751  44990827  1491783  2142874  32967346  33255936  1018691  1153976  52255757  1383330  1612406  1887295  3268214  31535056  33181100  33030215  32669761  1036808  1275839  1411846  1481825
% road_usa
2920994  16077239  1341018  13125639  2297233  5059744  15708283  16779251  1492404  1727801  24828950  1935476  2378020  2894694  4612635  13318505  15698625  16546978  17201224  1481461  1815045  1995857  2150676
% stanford
17136  355000  70952  289423  17079  57990  327643  407504  70895  72093  472573  19363  25147  32664  58329  334899  423496  506813  570134  27839  28233  28348  28272
% wb-edu
713428  8723248  402909  10587694  790403  1920963  8315668  8871127  520537  569270  14696345  708762  828280  953330  1795696  7959851  8541878  9065556  9472951  553184  674097  732387  760417
% web-BerkStan
31079  1024512  61668  850389  37227  137633  1043094  1111311  62048  63618  1201070  34517  37138  70215  143810  1317420  1219557  1414111  1556207  32851  35900  37011  38071
% web-Google
43333  1109754  69213  514944  75465  167453  978522  1430521  72464  74054  797248  69127  63943  98528  165406  769164  1130976  1544317  1935435  37395  40746  43082  44660
];
data_norms = [
% double selective-norm  &  double diff-norm  &  2segment 32 bit selective-norm  &  2segment 64 bit selective-norm  &  2segment 32 bit diff-norm  &  2segment 64 bit diff-norm  &  4segment 16 bit selective-norm  &  4segment 32 bit selective-norm  &  4segment 48 bit selective-norm  &  4segment 64 bit selective-norm  &  4segment 16 bit diff-norm  &  4segment 32 bit diff-norm  &  4segment 48 bit diff-norm  &  4segment 64 bit diff-norm
% adaptive
20368  517462  21269  20900  535048  763074  19579  20944  20428  20375  509243  681560  925931  1094149
% delaunay_n22
22219  219140  22429  23965  271689  356431  21593  23830  24374  23846  274713  379356  502231  525244
% europe_osm
18802  6300407  18495  19953  5897855  8274203  17641  19923  19939  19540  4138909  6184068  7846474  9373761
% hugebubbles-00020
16733  2568231  15614  15775  2411968  3204607  15796  15929  15604  15546  1776912  2640273  3369836  3841096
% rgg_n_2_24_s0
24514  1946674  24656  24582  1803467  2442583  23947  24172  23678  24200  1396630  1960591  2569542  3082916
% road_usa
18549  2871022  18747  20209  2692414  3713951  18407  20610  20669  20397  2008750  2910701  3771112  4363693
% stanford
21531  63522  21594  21928  70304  73538  21156  21137  21366  21605  31527  32071  35585  37415
% wb-edu
123246  976908  144980  262137  966705  1330456  150958  236539  325349  369196  783121  1100744  1434502  1736752
% web-BerkStan
25768  82270  25422  25899  68136  68195  25658  25393  25801  25628  41506  49641  61608  79027
% web-Google
25841  77169  25892  25713  75609  81145  25719  26826  28277  29370  42247  50956  69087  92195
];
data_normalization_conversion = [
% 2segment 32->64 bit  &  2segment in-place conversion  &  4segment 16->32 bit  &  4segment 32->48 bit  &  4segment 48->64 bit  &  4segment in-place conversion
% adaptive
1302577  5040197  714491  877451  1797322  7706918
% delaunay_n22
709600  4303754  357639  443960  1020191  6133997
% europe_osm
12878548  25987794  8757980  10251383  16121593  52090072
% hugebubbles-00020
5558545  13499092  3489639  4063383  6357929  27296824
% rgg_n_2_24_s0
4252836  44990827  2755506  3250374  4971419  52255757
% road_usa
6216860  13125639  4036244  4869506  7176895  24828950
% stanford
115388  289423  63785  74088  103671  472573
% wb-edu
2225647  10587694  1344969  1604221  2737700  14696345
% web-BerkStan
210467  850389  85953  108442  249807  1201070
% web-Google
203592  514944  104288  170949  254313  797248
];
% all PageRank runtimes averaged over 5 executions (and measured in ns), PageRank executed with damping factor of 8.500000e-01 and an epsilon of 1.000000e-10; Sparse format: CSR
data_oneiteration = [
% runtime/iter double  &  runtime/iter 2-segment 32 bit  &  runtime/iter 2-segment 64 bit  &  runtime/iter 4-segment 16 bit  &  runtime/iter 4-segment 32 bit  &  runtime/iter 4-segment 48 bit  &  runtime/iter 4-segment 64 bit
% adaptive
8128259  8447740  8016423  7028510  8239832  10240422  7871161
% delaunay_n22
7295333  8156137  7305412  7664287  10654868  11506140  8812166
% europe_osm
38694503  42327684  38780515  34694889  47260005  54440846  35156317
% hugebubbles-00020
27761275  32663651  27400958  28305079  31089910  49914390  30388519
% rgg_n_2_24_s0
36610641  35845350  36128747  32250623  35492189  36923218  30827923
% road_usa
19878580  19683943  19783742  15134577  19676415  21217752  14637542
% stanford
471984  419584  478496  426098  489164  577044  601668
% wb-edu
11205204  10920583  11164063  9303930  11276757  12178884  10146514
% web-BerkStan
1233070  1203027  1233290  1570175  1373089  1493241  1236284
% web-Google
1265705  1087789  1269538  985229  1329433  1743215  1740727
];
data_pagerank = [
% total iterations double  &  total runtime PageRank double  &  total iterations 2segment  &  switch point 2segment  &  total runtime 2segment  &  total iterations 4segment  &  switch point 4segment 16->32  &  switch point 4segment 32->48  &  switch point 4segment 48->64  &  total runtime 4segment
% adaptive
65  528336891  65  7  538877333  84  1  2  83  870739093
% delaunay_n22
64  466901334  64  15  493476902  88  1  22  86  1001054222
% europe_osm
118  4565951394  118  50  4834653605  119  1  51  116  6163735623
% hugebubbles-00020
77  2137618184  77  12  2224747679  82  1  2  79  4063482049
% rgg_n_2_24_s0
89  3258347061  89  28  3292612761  93  1  2  91  3511049227
% road_usa
117  2325793898  117  51  2348635183  117  1  51  115  2442213254
% stanford
118  55694183  118  51  54282601  118  1  51  115  64760579
% wb-edu
114  1277393328  114  47  1284993760  115  1  47  112  1379789436
% web-BerkStan
119  146735357  119  50  147512414  119  1  50  51  157627963
% web-Google
116  146821785  116  47  140530722  116  1  47  114  184728306
];
