diff1_Stanford = [
6.745668429776885e-01
3.773708867322567e-01
2.331552407952320e-01
1.574409587523660e-01
1.088438140589802e-01
8.102818415652054e-02
6.222786470880144e-02
4.826413350966596e-02
3.829866546600270e-02
3.031152979244011e-02
2.425625200217791e-02
1.937630396547216e-02
1.547845887541959e-02
1.227965912488021e-02
9.855865337310438e-03
7.904393172480123e-03
6.431247245310977e-03
5.236983536008424e-03
4.287308940326704e-03
3.514089826845365e-03
2.891259155665891e-03
2.370392831845778e-03
1.945632193904436e-03
1.606540498978056e-03
1.321791465104486e-03
1.089889493326938e-03
9.008702221303330e-04
7.447624439898546e-04
6.149016258449378e-04
5.095089080742513e-04
4.228092337501004e-04
3.500103130095221e-04
2.912522904872411e-04
2.418568558026462e-04
2.007486764892588e-04
1.667387132163035e-04
1.384491712669753e-04
1.149135444650843e-04
9.578515666829352e-05
7.955330282322304e-05
6.638385142269887e-05
5.544421091202589e-05
4.617195562606691e-05
3.854368133911586e-05
3.221498611132065e-05
2.685127862020341e-05
2.245677820505107e-05
1.874596937006810e-05
1.563881836550426e-05
1.306671660490739e-05
1.092691142271771e-05
9.121678661287962e-06
7.625342073571383e-06
6.387055869140809e-06
5.340986339911434e-06
4.473272842682850e-06
3.755585785172285e-06
3.144287599915726e-06
2.634746560838162e-06
2.213045810717169e-06
1.852032665728592e-06
1.552610342623110e-06
1.305406461896870e-06
1.092568052077218e-06
9.167386610917053e-07
7.705686685365739e-07
6.459445836790986e-07
5.421401752708080e-07
4.559227397091900e-07
3.825031610493449e-07
3.213351381092606e-07
2.703741119891992e-07
2.271564974212584e-07
1.910039855477784e-07
1.607994692319446e-07
1.351550396111935e-07
1.135962043465263e-07
9.569783153680751e-08
8.048747141433314e-08
6.767841769157271e-08
5.701946579096967e-08
4.792407690537963e-08
4.032961619214405e-08
3.399909406449236e-08
2.860566265021799e-08
2.409309720978874e-08
2.032750838929199e-08
1.710803391655883e-08
1.442044848267164e-08
1.216905587539844e-08
1.024754356109422e-08
8.639259153089150e-09
7.289074226768174e-09
6.137750745627716e-09
5.175828969351232e-09
4.367395957037227e-09
3.680322236493552e-09
3.102866415912065e-09
2.620826101061974e-09
2.208399685173773e-09
1.863578761935730e-09
1.574183753645619e-09
1.327359183679440e-09
1.119878032739180e-09
9.465531980624105e-10
7.980251152910206e-10
6.736063746045793e-10
5.693443443756580e-10
4.801775465107614e-10
4.053555430799122e-10
3.427814813278403e-10
2.891478447755390e-10
2.441632996658781e-10
2.064128489820571e-10
1.741959803887604e-10
1.471001680517338e-10
1.244026648254772e-10
1.050047092021062e-10
8.872581106663463e-11
7.503411703355956e-11
6.336649812704935e-11
5.353367277794953e-11
4.529698881894353e-11
3.824971920291050e-11
3.232562662846042e-11
2.734232620962048e-11
2.311146570186952e-11
1.952692435847644e-11
1.652768950993642e-11
1.396979635534590e-11
1.181352149994496e-11
9.996250928478195e-12
8.454887468567978e-12
7.147228523545252e-12
6.050709143318460e-12
5.116294902702691e-12
4.327596032441204e-12
3.662440650305076e-12
3.098045881248443e-12
2.619694619715835e-12
2.217767370235059e-12
1.875969603404569e-12
1.587151301934838e-12
1.343663501449418e-12
1.136932301310382e-12
9.616894976224489e-13
8.143857906731122e-13
6.889237122534872e-13
5.829590194844671e-13
4.936189793731317e-13
4.177647716788730e-13
3.534445650405640e-13
2.993762994948448e-13
2.533344164074746e-13
2.144221600913711e-13
1.816037363069843e-13
1.536619302276271e-13
1.300982451761483e-13
1.102187753508938e-13
9.327823604921161e-14
7.896148643961418e-14
6.687444116113879e-14
5.662774267309692e-14
4.792592047249785e-14
4.060806445150552e-14
3.436794964743528e-14
2.909794707769042e-14
2.465389766387891e-14
2.084852210372545e-14
1.780111895274106e-14
1.499785144946258e-14
1.267935381915017e-14
1.076392539299732e-14
9.220419075467575e-15];

diff1_matlabSample = [
3.305555555555555e-01
2.140740740740741e-01
7.202700617283955e-02
2.094469521604927e-02
1.124099107028020e-02
9.059046864506426e-03
6.394302990444509e-03
3.381331419228639e-03
1.675125061308708e-03
9.623513866226091e-04
6.112424552728729e-04
3.745827363915849e-04
2.161964146139006e-04
1.231983210907978e-04
7.190923175295905e-05
4.270630385370955e-05
2.525833153700641e-05
1.478690203614297e-05
8.633129209387191e-06
5.059380658908874e-06
2.974107606371068e-06
1.747500983625971e-06
1.025032540943882e-06
6.009190281486276e-07
3.524897219803202e-07
2.068763526319461e-07
1.214111206016000e-07
7.123343527537518e-08
4.178896975681745e-08
2.451757555310685e-08
1.438580367330022e-08
8.440937795950454e-09
4.952532023372314e-09
2.905726839697031e-09
1.704856825157641e-09
1.000294846953409e-09
5.869060515362179e-10
3.443546281456378e-10
2.020420497572673e-10
1.185436609985047e-10
6.955298836874846e-11
4.080885629420550e-11
2.394376363845652e-11
1.404842908669934e-11
8.242559412785511e-12
4.836145373054990e-12
2.837521884124783e-12
1.664848814364461e-12
9.768574837920596e-13
5.732359031895840e-13
3.363004319467677e-13
1.972588759002747e-13
1.157268725293648e-13
6.790401574363614e-14
3.989863994746656e-14
2.338407245616736e-14
1.369737656631287e-14
8.035239140724570e-15 ];
