% Optimizations: vectorized own_csr own_ell single_block
% all kernel runtimes averaged over 50 executions (and measured in ns); PageRank executed with damping factor of 8.500000e-01; Sparse format: CSR; Mode: interleaved with 8192 Bytes; Using thread-buffer;

data_basicblocks = [
% read/write double  &  SpMV ELL double  &  norm double  &  inplace conversion 2segment  &  read/write 2segment 32 bit  &  read/write 2segment 64 bit  &  SpMV ELL 2segment 32 bit  &  SpMV ELL 2segment 64 bit  &  norm 2segment 32 bit  &  norm 2segment 64 bit  &  inplace conversion 4segment  &  read/write 4segment 16 bit  &  read/write 4segment 32 bit  &  read/write 4segment 48 bit  &  read/write 4segment 64 bit  &  SpMV ELL 4segment 16 bit  &  SpMV ELL 4segment 32 bit  &  SpMV ELL 4segment 48 bit  &  SpMV ELL 4segment 64 bit  &  norm 4segment 16 bit  &  norm 4segment 32 bit  &  norm 4segment 48 bit  &  norm 4segment 64 bit
% adaptive
263252  6416637  141948  3882824  212692  883531  4404996  7556510  129076  158045  5787977  228221  359947  468172  512294  4509321  7111765  10902316  15376039  157266  237936  299713  326950
% delaunay_n22
282532  18416567  123676  13471834  102114  77531  15239031  25325734  108406  121524  14168137  142143  225742  294676  316890  26754614  41724008  52435551  59790942  127959  181646  197309  211796
% europe_osm
6764493  85917315  3028090  97826277  3564037  9029296  85984992  133723182  1603731  3009877  111716773  1728731  3267319  4935960  6236233  126377797  180900174  210996364  225955276  1335028  1676123  2291233  3023859
% hugebubbles-00020
2615566  21034964  1375778  11608201  1283905  3449159  16910228  29763073  736534  1476912  16570360  715184  1270476  1647531  2155502  24509446  39373497  51257029  62503273  399244  776100  1195510  1552128
% rgg_n_2_24_s0
1651847  125777963  833237  95184619  787971  1336824  95762836  141402120  441039  867259  94359974  435677  759441  1062428  1396488  182716030  248747046  330264563  407380813  462353  525291  593205  722616
% road_usa
3103900  30842204  1283479  33432728  1472504  3946815  21331372  40883701  687584  1305081  39993157  807162  1383714  1985639  2624896  15705781  46217926  66750440  70577339  443538  776313  1024515  1314696
% stanford
18622  9314259  73235  9694888  16367  44590  8351684  11846351  73649  73233  9389753  22923  27969  32534  33135  13649778  19619997  25708311  25309468  70514  65453  69651  68766
];
data_norms = [
% double selective-norm  &  double diff-norm  &  2segment 32 bit selective-norm  &  2segment 64 bit selective-norm  &  2segment 32 bit diff-norm  &  2segment 64 bit diff-norm  &  4segment 16 bit selective-norm  &  4segment 32 bit selective-norm  &  4segment 48 bit selective-norm  &  4segment 64 bit selective-norm  &  4segment 16 bit diff-norm  &  4segment 32 bit diff-norm  &  4segment 48 bit diff-norm  &  4segment 64 bit diff-norm
% adaptive
22283  503195  22481  22248  265252  481676  21473  21094  21177  20853  238727  422873  578673  781325
% delaunay_n22
25845  199783  25363  25253  123936  179487  23587  23667  23271  23497  147655  239439  290240  369345
% europe_osm
18530  6417977  18308  20570  3211329  6450947  19142  20643  20762  20796  1632764  3261562  4897750  6676422
% hugebubbles-00020
18726  2611485  18228  18379  1461354  2884856  18893  18183  18269  18348  709182  1431987  2078003  2770824
% rgg_n_2_24_s0
26245  2008129  26400  26232  964825  1956957  26833  26967  25867  26228  491156  954871  1407533  1816473
% road_usa
19480  2759071  19475  19681  1361124  2798711  19916  22343  21274  21789  734791  1518704  2192160  3012113
% stanford
20913  72848  20812  20605  72040  74079  20258  20454  20445  20691  68332  72884  73136  78071
];
data_normalization_conversion = [
% 2segment 32->64 bit  &  2segment in-place conversion  &  4segment 16->32 bit  &  4segment 32->48 bit  &  4segment 48->64 bit  &  4segment in-place conversion
% adaptive
403419  3882824  788619  1128131  1422738  5787977
% delaunay_n22
261568  13471834  522341  724180  909491  14168137
% europe_osm
9005809  97826277  4815628  7066226  9030644  111716773
% hugebubbles-00020
3022855  11608201  2008272  2867198  3840064  16570360
% rgg_n_2_24_s0
2113853  95184619  1307979  1753746  2252590  94359974
% road_usa
3537552  33432728  2224219  3261704  4207831  39993157
% stanford
94132  9694888  113593  129770  141143  9389753
];
% all PageRank runtimes averaged over 5 executions (and measured in ns), PageRank executed with damping factor of 8.500000e-01 and an epsilon of 1.000000e-10; Sparse format: ELL
data_oneiteration = [
% runtime/iter double  &  runtime/iter 2-segment 32 bit  &  runtime/iter 2-segment 64 bit  &  runtime/iter 4-segment 16 bit  &  runtime/iter 4-segment 32 bit  &  runtime/iter 4-segment 48 bit  &  runtime/iter 4-segment 64 bit
% adaptive
7520371  5352074  7418772  5357510  5334834  11934257  10921966
% delaunay_n22
18812376  15917754  18530480  27321861  43743297  58405441  38021541
% europe_osm
93130367  93216927  92676548  125354443  184826048  218448866  129323685
% hugebubbles-00020
23856212  19423547  23711327  26808199  28049218  55303254  32962169
% rgg_n_2_24_s0
131876268  101387149  130996718  180630388  188438677  331008521  231368600
% road_usa
34867943  24549313  34280140  17241875  49561918  69955719  49260812
% stanford
9197940  8209836  9140212  13540915  19256952  25754399  15202286
];
data_pagerank = [
% total iterations double  &  total runtime PageRank double  &  total iterations 2segment  &  switch point 2segment  &  total runtime 2segment  &  total iterations 4segment  &  switch point 4segment 16->32  &  switch point 4segment 32->48  &  switch point 4segment 48->64  &  total runtime 4segment
% adaptive
65  488824120  65  7  477391828  84  1  2  83  1002774250
% delaunay_n22
64  1203992066  64  15  1176411169  88  1  22  86  4803569150
% europe_osm
118  10989383339  118  50  11162901066  119  1  51  116  24211788472
% hugebubbles-00020
77  1836928338  77  12  1808373614  82  1  2  79  4464188950
% rgg_n_2_24_s0
89  11736987863  89  28  11028326564  93  1  2  91  30571869777
% road_usa
117  4079549427  117  51  3576024246  117  1  51  115  7137954767
% stanford
118  1085357000  118  51  1049095149  118  1  51  115  2693592529
];
data_pagerank_speedups = [
% double  &  2 segment  &  4 segment
1  1.02395  0.487472
1  1.02344  0.250645
1  0.984456  0.453886
1  1.01579  0.411481
1  1.06426  0.383915
1  1.14081  0.571529
1  1.03456  0.40294
];
