% Optimizations: vectorized own_csr own_ell
% all kernel runtimes averaged over 50 executions (and measured in ns); PageRank executed with damping factor of 8.500000e-01; Sparse format: CSR; Mode: Using completely separate approach;

data_basicblocks = [
% read/write double  &  SpMV ELL double  &  norm double  &  inplace conversion 2segment  &  read/write 2segment 32 bit  &  read/write 2segment 64 bit  &  SpMV ELL 2segment 32 bit  &  SpMV ELL 2segment 64 bit  &  norm 2segment 32 bit  &  norm 2segment 64 bit  &  inplace conversion 4segment  &  read/write 4segment 16 bit  &  read/write 4segment 32 bit  &  read/write 4segment 48 bit  &  read/write 4segment 64 bit  &  SpMV ELL 4segment 16 bit  &  SpMV ELL 4segment 32 bit  &  SpMV ELL 4segment 48 bit  &  SpMV ELL 4segment 64 bit  &  norm 4segment 16 bit  &  norm 4segment 32 bit  &  norm 4segment 48 bit  &  norm 4segment 64 bit
% adaptive
243244  6356672  159746  829421  175751  508591  4076046  7217465  115319  268933  3872516  353844  508547  688157  939127  3679306  6064440  8864935  12485203  133241  183143  216042  273297
% delaunay_n22
127221  18437425  96186  334171  105063  242521  14097814  23157055  91227  114879  2292973  222849  317971  434763  575432  20639645  37229248  50686019  60801584  109054  137590  157637  171171
% europe_osm
7153075  84950768  4155010  10391481  3541756  7762477  79023624  125732188  1990019  3990590  31519327  2463303  3844503  5448483  7903567  109117128  183648612  219373475  237884237  1731199  2611640  3224783  3888363
% hugebubbles-00020
2514716  20936723  1421307  4162826  950905  2802617  14198559  29217164  599416  1521761  14909451  953071  1874132  2664471  4100383  17470102  31449460  46442894  60015384  494605  1384529  1847260  2524266
% rgg_n_2_24_s0
1838596  129766105  1035264  3206337  612574  2009367  95095559  133823931  378879  1205160  10711508  760228  1150022  1662394  2384829  124636831  200350482  243531763  277654083  383239  685733  950933  1247054
% road_usa
2978916  30911242  1587097  4727562  1147182  3285916  20043432  41242767  724216  1760855  14887861  1053006  1685722  2521059  3557101  14454819  52180381  74857066  82073292  526841  1022831  1416094  1751295
% stanford
21004  9164073  74481  15376  18885  30145  7380024  10808592  74723  76164  246450  32544  33425  44045  55482  9010733  13865732  15070292  17506864  86683  77453  77488  79887
];
data_norms = [
% double selective-norm  &  double diff-norm  &  2segment 32 bit selective-norm  &  2segment 64 bit selective-norm  &  2segment 32 bit diff-norm  &  2segment 64 bit diff-norm  &  4segment 16 bit selective-norm  &  4segment 32 bit selective-norm  &  4segment 48 bit selective-norm  &  4segment 64 bit selective-norm  &  4segment 16 bit diff-norm  &  4segment 32 bit diff-norm  &  4segment 48 bit diff-norm  &  4segment 64 bit diff-norm
% adaptive
23419  575163  22685  24046  215862  691490  21689  23954  24114  24039  201416  335387  539448  778454
% delaunay_n22
16648  200014  16266  16676  109843  275852  17523  16818  17183  16651  137565  200534  286376  410907
% europe_osm
21072  7982098  22423  24250  4205866  8254586  20909  23063  23387  23213  2668810  4153999  5988068  8101214
% hugebubbles-00020
21454  2988950  20748  22633  1501441  3054187  20197  22047  21906  21979  1035414  2309467  3136197  3579870
% rgg_n_2_24_s0
18173  2244482  17904  17838  1187132  2563498  17322  17169  17901  17404  702505  1291753  2129827  3230841
% road_usa
21047  3433631  20728  22966  1793133  3554400  20570  22250  22405  22726  1137077  1786740  2625964  3631367
% stanford
24312  75206  24207  24114  70929  75666  23540  24121  23578  23617  74451  79351  84909  86792
];
data_normalization_conversion = [
% 2segment 32->64 bit  &  2segment in-place conversion  &  4segment 16->32 bit  &  4segment 32->48 bit  &  4segment 48->64 bit  &  4segment in-place conversion
% adaptive
1870765  829421  1288794  1674212  2124962  3872516
% delaunay_n22
1167426  334171  816889  1055137  1321407  2292973
% europe_osm
12424969  10391481  8833478  11625865  14563659  31519327
% hugebubbles-00020
5262602  4162826  4573178  5728929  7106433  14909451
% rgg_n_2_24_s0
4108931  3206337  3156641  4092742  5268168  10711508
% road_usa
5981665  4727562  4033937  5231755  6522524  14887861
% stanford
137005  15376  107303  115377  120295  246450
];
% all PageRank runtimes averaged over 5 executions (and measured in ns), PageRank executed with damping factor of 8.500000e-01 and an epsilon of 1.000000e-10; Sparse format: ELL
data_oneiteration = [
% runtime/iter double  &  runtime/iter 2-segment 32 bit  &  runtime/iter 2-segment 64 bit  &  runtime/iter 4-segment 16 bit  &  runtime/iter 4-segment 32 bit  &  runtime/iter 4-segment 48 bit  &  runtime/iter 4-segment 64 bit
% adaptive
7442967  4637032  7271958  4266371  4339996  9683752  14661108
% delaunay_n22
19297936  15226122  18987243  22472090  37588967  50683675  34861565
% europe_osm
94713321  81311204  92962426  112582703  191660253  226582711  132341105
% hugebubbles-00020
24276822  17000513  24510088  19777979  21510073  51714239  30631300
% rgg_n_2_24_s0
137081794  104654614  131796538  133968455  139186361  252798769  203234797
% road_usa
34782697  23273984  34821825  15763424  55343602  79209687  52965536
% stanford
9121303  7225088  8997184  8992512  13534389  15779560  11437720
];
data_pagerank = [
% total iterations double  &  total runtime PageRank double  &  total iterations 2segment  &  switch point 2segment  &  total runtime 2segment  &  total iterations 4segment  &  switch point 4segment 16->32  &  switch point 4segment 32->48  &  switch point 4segment 48->64  &  total runtime 4segment
% adaptive
65  483792919  65  7  461570439  84  1  2  83  820878510
% delaunay_n22
64  1235067942  64  15  1175494658  88  1  22  86  4153277644
% europe_osm
118  11176171936  118  50  10491133138  119  1  51  116  24999620440
% hugebubbles-00020
77  1869315355  77  12  1823588193  82  1  2  79  4167275044
% rgg_n_2_24_s0
89  12200279698  89  28  11081888252  93  1  2  91  23335912818
% road_usa
117  4069575657  117  51  3519197177  117  1  51  115  8004734406
% stanford
118  1076313829  118  51  978668485  118  1  51  115  1739499372
];
data_pagerank_speedups = [
% double  &  2 segment  &  4 segment
1  1.04815  0.58936
1  1.05068  0.297372
1  1.0653  0.447054
1  1.02508  0.44857
1  1.10092  0.522811
1  1.15639  0.508396
1  1.09977  0.618749
];
