% Optimizations: vectorized own_csr own_ell single_block
% all kernel runtimes averaged over 50 executions (and measured in ns); PageRank executed with damping factor of 8.500000e-01; Sparse format: CSR; Mode: interleaved with 8192 Bytes; Using thread-buffer;

data_basicblocks = [
% read/write double  &  SpMV ELL double  &  norm double  &  inplace conversion 2segment  &  read/write 2segment 32 bit  &  read/write 2segment 64 bit  &  SpMV ELL 2segment 32 bit  &  SpMV ELL 2segment 64 bit  &  norm 2segment 32 bit  &  norm 2segment 64 bit  &  inplace conversion 4segment  &  read/write 4segment 16 bit  &  read/write 4segment 32 bit  &  read/write 4segment 48 bit  &  read/write 4segment 64 bit  &  SpMV ELL 4segment 16 bit  &  SpMV ELL 4segment 32 bit  &  SpMV ELL 4segment 48 bit  &  SpMV ELL 4segment 64 bit  &  norm 4segment 16 bit  &  norm 4segment 32 bit  &  norm 4segment 48 bit  &  norm 4segment 64 bit
% adaptive
468459  6388878  131467  4018711  184942  848183  4450025  7582629  118474  134330  5813351  225874  359542  469495  516051  4667510  7236778  10973508  15591362  158642  240165  269718  288124
% europe_osm
6764493  85917315  3028090  97826277  3564037  9029296  85984992  133723182  1603731  3009877  111716773  1728731  3267319  4935960  6236233  126377797  180900174  210996364  225955276  1335028  1676123  2291233  3023859
% delaunay_n22
206157  18012003  119558  13549417  112361  78999  15062169  25276619  104682  119258  14313025  142131  225143  292642  315476  27037676  43272125  58489737  61425566  121417  174951  195368  204780
% hugebubbles-00020
2659852  20784897  1372479  11800318  1333376  3539162  16962358  29762676  738460  1465807  16851918  712125  1459656  1711526  2187993  24432709  38629566  51199600  62870326  395457  775310  1185662  1584835
% rgg_n_2_24_s0
1651847  125777963  833237  95184619  787971  1336824  95762836  141402120  441039  867259  94359974  435677  759441  1062428  1396488  182716030  248747046  330264563  407380813  462353  525291  593205  722616
% road_usa
3241431  31049404  1293536  33501346  1627917  4007645  21071879  41545182  684599  1296043  40258249  814492  1450337  1994833  2650857  15824797  46830157  66917135  70796570  443880  770039  1051037  1314108
% stanford
17527  9151243  71902  9567837  18229  44961  8289523  11682357  70791  71667  9501809  21917  28811  32901  33725  13749725  19425582  25734111  25286727  71249  65963  68813  66286
];
data_norms = [
% double selective-norm  &  double diff-norm  &  2segment 32 bit selective-norm  &  2segment 64 bit selective-norm  &  2segment 32 bit diff-norm  &  2segment 64 bit diff-norm  &  4segment 16 bit selective-norm  &  4segment 32 bit selective-norm  &  4segment 48 bit selective-norm  &  4segment 64 bit selective-norm  &  4segment 16 bit diff-norm  &  4segment 32 bit diff-norm  &  4segment 48 bit diff-norm  &  4segment 64 bit diff-norm
% adaptive
21098  510814  21502  21231  255555  486916  20182  20679  20505  20496  191145  372073  464637  647966
% delaunay_n22
25846  179437  25583  25304  120001  179381  24471  23795  24035  24283  144465  248887  368398  402233
% europe_osm
18530  6417977  18308  20570  3211329  6450947  19142  20643  20762  20796  1632764  3261562  4897750  6676422
% hugebubbles-00020
16755  2606606  16851  16848  1441550  2849817  16598  16168  16123  16453  707195  1428291  2100700  2791098
% rgg_n_2_24_s0
26245  2008129  26400  26232  964825  1956957  26833  26967  25867  26228  491156  954871  1407533  1816473
% road_usa
20093  2781390  20191  19828  1358059  2797897  20919  21447  21241  21423  732189  1509866  2203038  3011773
% stanford
21051  71738  21332  20951  69571  69249  20986  20887  20860  21043  66451  73473  75825  79158
];
data_normalization_conversion = [
% 2segment 32->64 bit  &  2segment in-place conversion  &  4segment 16->32 bit  &  4segment 32->48 bit  &  4segment 48->64 bit  &  4segment in-place conversion
% adaptive
370873  4018711  793187  1136001  1420103  5813351
% delaunay_n22
257786  13549417  528742  730312  916148  14313025
% europe_osm
9005809  97826277  4815628  7066226  9030644  111716773
% hugebubbles-00020
3148273  11800318  2072854  2863829  3714611  16851918
% rgg_n_2_24_s0
2113853  95184619  1307979  1753746  2252590  94359974
% road_usa
3543632  33501346  2247888  3269820  4271269  40258249
% stanford
95621  9567837  108750  126231  143612  9501809
];
% all PageRank runtimes averaged over 5 executions (and measured in ns), PageRank executed with damping factor of 8.500000e-01 and an epsilon of 1.000000e-10; Sparse format: ELL
data_oneiteration = [
% runtime/iter double  &  runtime/iter 2-segment 32 bit  &  runtime/iter 2-segment 64 bit  &  runtime/iter 4-segment 16 bit  &  runtime/iter 4-segment 32 bit  &  runtime/iter 4-segment 48 bit  &  runtime/iter 4-segment 64 bit
% adaptive
7413099  5357788  7355469  5432241  5407621  12047663  11410940
% delaunay_n22
19057095  16295529  18867434  26187824  43873135  58301193  38062544
% europe_osm
93130367  93216927  92676548  125354443  184826048  218448866  129323685
% hugebubbles-00020
24112968  19482740  23742356  26648118  28160601  55103270  32936698
% rgg_n_2_24_s0
131876268  101387149  130996718  180630388  188438677  331008521  231368600
% road_usa
34613197  24466480  34174363  17365694  49281881  69709952  48403206
% stanford
9172413  8240463  9088135  13521151  19329577  25852976  15190382
];
data_pagerank = [
% total iterations double  &  total runtime PageRank double  &  total iterations 2segment  &  switch point 2segment  &  total runtime 2segment  &  total iterations 4segment  &  switch point 4segment 16->32  &  switch point 4segment 32->48  &  switch point 4segment 48->64  &  total runtime 4segment
% adaptive
65  481851460  65  7  473869410  84  1  2  83  1012706742
% delaunay_n22
64  1219654125  64  15  1199040394  88  1  22  86  4797601659
% europe_osm
118  10989383339  118  50  11162901066  119  1  51  116  24211788472
% hugebubbles-00020
77  1856698559  77  12  1811477704  82  1  2  79  4448722486
% rgg_n_2_24_s0
89  11736987863  89  28  11028326564  93  1  2  91  30571869777
% road_usa
117  4049744129  117  51  3564810220  117  1  51  115  7107116565
% stanford
118  1082344837  118  51  1047072837  118  1  51  115  2703563542
];
data_pagerank_speedups = [
% double  &  2 segment  &  4 segment
1  1.01684  0.475806
1  1.01719  0.254222
1  0.984456  0.453886
1  1.02496  0.417355
1  1.06426  0.383915
1  1.13603  0.569815
1  1.03369  0.40034
];
