% Optimizations: vectorized own_csr own_ell single_block
% all kernel runtimes averaged over 50 executions (and measured in ns); PageRank executed with damping factor of 8.500000e-01; Sparse format: CSR; Mode: interleaved with 128 Bytes; Using thread-buffer;

data_basicblocks = [
% read/write double  &  SpMV ELL double  &  norm double  &  inplace conversion 2segment  &  read/write 2segment 32 bit  &  read/write 2segment 64 bit  &  SpMV ELL 2segment 32 bit  &  SpMV ELL 2segment 64 bit  &  norm 2segment 32 bit  &  norm 2segment 64 bit  &  inplace conversion 4segment  &  read/write 4segment 16 bit  &  read/write 4segment 32 bit  &  read/write 4segment 48 bit  &  read/write 4segment 64 bit  &  SpMV ELL 4segment 16 bit  &  SpMV ELL 4segment 32 bit  &  SpMV ELL 4segment 48 bit  &  SpMV ELL 4segment 64 bit  &  norm 4segment 16 bit  &  norm 4segment 32 bit  &  norm 4segment 48 bit  &  norm 4segment 64 bit
% adaptive
343946  6389584  184268  5076102  435627  1236048  6461001  8216184  212265  258341  8313094  490911  600446  717861  1228656  7172894  10025918  10954390  11451885  296780  412735  497601  503419
% delaunay_n22
158476  18536996  104345  16875910  285578  313274  15356242  24397861  106670  115003  18394866  308603  306809  375096  734999  28279407  43296818  54763574  62060804  152583  215993  252801  251368
% europe_osm
7169988  86268486  3236490  112943012  5101952  11056776  92116417  125352588  3278967  3909160  153086164  4287903  5526699  7016792  9692323  141316023  180003724  234417953  243850417  3043306  3948764  4495992  4950580
% hugebubbles-00020
2274620  20904784  1248238  13693779  2013458  4493793  18792658  29469188  1412300  1522554  29309117  1863042  2379125  2863296  4171643  27760342  37827664  49638623  60664759  1258450  1687459  1878801  1990293
% rgg_n_2_24_s0
1728076  135135503  908111  109278925  1659697  2098573  102409952  143387229  1032278  1165784  130199882  1401061  1760001  2161895  3310216  157222897  209023400  300890275  333708884  987780  1287140  1472669  1559604
% road_usa
3068042  30939663  1388011  38237769  2324129  5010442  30020213  34856055  1485945  1715982  52069944  2030973  2592238  3174611  4749919  35440521  39699204  40769006  40924360  1421609  1853977  2108148  2248360
% stanford
18572  9333229  69729  11286692  17735  56814  7779240  11669054  70744  70738  12160196  29777  29980  39184  62020  13855310  19604686  26201390  26059396  70818  74270  77551  77653
];
data_norms = [
% double selective-norm  &  double diff-norm  &  2segment 32 bit selective-norm  &  2segment 64 bit selective-norm  &  2segment 32 bit diff-norm  &  2segment 64 bit diff-norm  &  4segment 16 bit selective-norm  &  4segment 32 bit selective-norm  &  4segment 48 bit selective-norm  &  4segment 64 bit selective-norm  &  4segment 16 bit diff-norm  &  4segment 32 bit diff-norm  &  4segment 48 bit diff-norm  &  4segment 64 bit diff-norm
% adaptive
22317  500300  23034  23240  525818  760365  22137  21536  21971  22009  506234  780036  981355  1074247
% delaunay_n22
23204  191274  21245  21688  249328  320528  21075  22195  22223  22097  292279  404081  539456  516927
% europe_osm
18345  6631179  17951  18563  6097851  8943027  18023  19962  19706  19862  4168462  6569613  8049550  9175983
% hugebubbles-00020
17740  2592611  16953  16880  2446663  3258185  17148  17728  17596  17559  1772948  2794748  3444176  3653697
% rgg_n_2_24_s0
22276  1983916  22159  22520  1884507  2590840  22776  23121  23073  23176  1366587  2084574  2642071  2965828
% road_usa
18063  2912883  17425  18041  2747076  3762901  17757  19370  19928  19664  1991978  3079568  3816020  4385100
% stanford
21147  69152  21426  21254  69152  71528  21450  21235  21171  21475  69595  79051  80622  82221
];
data_normalization_conversion = [
% 2segment 32->64 bit  &  2segment in-place conversion  &  4segment 16->32 bit  &  4segment 32->48 bit  &  4segment 48->64 bit  &  4segment in-place conversion
% adaptive
1295436  5076102  870685  1069817  1822022  8313094
% delaunay_n22
690987  16875910  420395  522830  1035412  18394866
% europe_osm
13211738  112943012  8771920  10400235  16289221  153086164
% hugebubbles-00020
5524177  13693779  3454269  4128187  6289880  29309117
% rgg_n_2_24_s0
4030591  109278925  2819000  3350107  4865253  130199882
% road_usa
6184505  38237769  4095787  4779498  7175551  52069944
% stanford
106454  11286692  105138  115778  139023  12160196
];
% all PageRank runtimes averaged over 5 executions (and measured in ns), PageRank executed with damping factor of 8.500000e-01 and an epsilon of 1.000000e-10; Sparse format: ELL
data_oneiteration = [
% runtime/iter double  &  runtime/iter 2-segment 32 bit  &  runtime/iter 2-segment 64 bit  &  runtime/iter 4-segment 16 bit  &  runtime/iter 4-segment 32 bit  &  runtime/iter 4-segment 48 bit  &  runtime/iter 4-segment 64 bit
% adaptive
7463560  7521836  7324669  8171341  8981690  12478144  9643856
% delaunay_n22
18932114  16267655  18306426  29911851  43636507  56397600  35031354
% europe_osm
93136653  101918177  92297310  141273529  146285687  216976063  92237700
% hugebubbles-00020
24033960  22682129  23939079  29065905  31849270  55535153  29471138
% rgg_n_2_24_s0
133995683  101812491  131649131  158948710  163213974  264330653  136553499
% road_usa
34704653  33830609  34291657  35785865  44013256  45556443  33722012
% stanford
9440192  8172902  9091639  13328803  19519915  25799788  14587993
];
data_pagerank = [
% total iterations double  &  total runtime PageRank double  &  total iterations 2segment  &  switch point 2segment  &  total runtime 2segment  &  total iterations 4segment  &  switch point 4segment 16->32  &  switch point 4segment 32->48  &  switch point 4segment 48->64  &  total runtime 4segment
% adaptive
65  485131456  65  7  491377249  84  1  2  83  1057773846
% delaunay_n22
64  1211655316  64  15  1174864634  88  1  22  86  4676073470
% europe_osm
118  10990125115  118  50  11600199609  1000  1  2  4  92920082886
% hugebubbles-00020
77  1850614983  77  12  1870125975  82  1  2  79  4497783190
% rgg_n_2_24_s0
89  11925615871  89  28  11096469301  1000  1  2  4  137158293414
% road_usa
117  4060444511  117  51  4066863781  117  1  51  115  5323412109
% stanford
118  1113942713  118  51  1045524198  118  1  51  115  2710124251
];
data_pagerank_speedups = [
% double  &  2 segment  &  4 segment
1  0.987289  0.458634
1  1.03131  0.259118
1  0.947408  0.118275
1  0.989567  0.41145
1  1.07472  0.0869478
1  0.998422  0.762752
1  1.06544  0.41103
];
