% Optimizations: vectorized own_csr own_ell
% all kernel runtimes averaged over 50 executions (and measured in ns); PageRank executed with damping factor of 8.500000e-01; Sparse format: CSR; Mode: Using completely separate approach;

data_basicblocks = [
% read/write double  &  SpMV ELL double  &  norm double  &  inplace conversion 2segment  &  read/write 2segment 32 bit  &  read/write 2segment 64 bit  &  SpMV ELL 2segment 32 bit  &  SpMV ELL 2segment 64 bit  &  norm 2segment 32 bit  &  norm 2segment 64 bit  &  inplace conversion 4segment  &  read/write 4segment 16 bit  &  read/write 4segment 32 bit  &  read/write 4segment 48 bit  &  read/write 4segment 64 bit  &  SpMV ELL 4segment 16 bit  &  SpMV ELL 4segment 32 bit  &  SpMV ELL 4segment 48 bit  &  SpMV ELL 4segment 64 bit  &  norm 4segment 16 bit  &  norm 4segment 32 bit  &  norm 4segment 48 bit  &  norm 4segment 64 bit
% adaptive
237339  6357016  160818  897082  182077  422332  4101281  7379440  117026  215195  3611244  319298  680773  851083  1097647  3483039  5300659  7851672  11022129  207307  253010  322106  444476
% delaunay_n22
126534  18225791  97033  309990  106976  238982  14747003  22958386  93826  114419  1875445  190329  401826  502603  583869  19613669  34466312  52106850  72000603  150093  177527  209711  201216
% europe_osm
7211447  84899412  4092662  10577953  3593821  7813888  75930468  126094122  1992279  3944493  33943284  2698614  5810904  7917865  9562270  109659865  150082026  195591185  235197492  2897802  3984998  4514829  5313932
% hugebubbles-00020
2456555  20838471  1414750  4305600  967827  2853619  14174656  29407751  585396  1516083  15154285  958217  2504339  3277151  3773089  11432484  25108286  41157285  54924566  690739  1414114  2159048  2733963
% rgg_n_2_24_s0
1733290  134301544  951391  3220786  600322  1982954  98328924  134990465  392275  1224302  10744691  741865  1753466  2460939  3040015  166868280  245513953  323244490  402034440  569829  1055876  1377413  1737509
% road_usa
2974290  30782952  1593572  4685145  1174539  3383469  19803714  40860118  725026  1768057  15925351  1116269  2600485  3768751  4308919  14169246  49270540  63837311  73816172  820274  1628707  2057470  2579231
% stanford
22613  9108480  72470  16165  18955  30555  7374405  10907887  72950  73811  156574  19968  31113  34346  36147  14868877  17663217  19850153  21629481  29978  30373  30979  31288
];
data_norms = [
% double selective-norm  &  double diff-norm  &  2segment 32 bit selective-norm  &  2segment 64 bit selective-norm  &  2segment 32 bit diff-norm  &  2segment 64 bit diff-norm  &  4segment 16 bit selective-norm  &  4segment 32 bit selective-norm  &  4segment 48 bit selective-norm  &  4segment 64 bit selective-norm  &  4segment 16 bit diff-norm  &  4segment 32 bit diff-norm  &  4segment 48 bit diff-norm  &  4segment 64 bit diff-norm
% adaptive
22866  562833  21547  23894  181925  732705  21160  24120  23253  23510  343084  455088  796896  1055761
% delaunay_n22
16604  215060  16982  17531  112965  324994  16523  16697  17160  16839  150515  237911  374655  549396
% europe_osm
22520  7977221  21126  24017  4222805  8037831  19681  22202  22606  22183  3690335  5647918  7194992  8621281
% hugebubbles-00020
21499  3009660  20938  23923  1497249  3059096  20167  23136  22304  22538  1438463  2719008  3384377  3943933
% rgg_n_2_24_s0
18342  2223434  17731  18508  1189299  2607907  17992  18542  18114  18569  1000657  1772395  2617671  3441703
% road_usa
22866  3429635  21322  23373  1789958  3659256  20579  22581  22966  22906  1572120  2592172  3412427  4195579
% stanford
24519  72359  24959  24967  67980  72025  24728  25236  25335  24498  30576  31536  27641  31087
];
data_normalization_conversion = [
% 2segment 32->64 bit  &  2segment in-place conversion  &  4segment 16->32 bit  &  4segment 32->48 bit  &  4segment 48->64 bit  &  4segment in-place conversion
% adaptive
1869050  897082  1113063  1389071  1752670  3611244
% delaunay_n22
1163022  309990  676175  768953  935663  1875445
% europe_osm
12454163  10577953  9595219  12209358  15590878  33943284
% hugebubbles-00020
5258482  4305600  4235067  5781817  6759972  15154285
% rgg_n_2_24_s0
4170641  3220786  3002750  3989460  5326920  10744691
% road_usa
6025808  4685145  4372771  5819309  7324261  15925351
% stanford
136070  16165  60376  64762  72069  156574
];
% all PageRank runtimes averaged over 5 executions (and measured in ns), PageRank executed with damping factor of 8.500000e-01 and an epsilon of 1.000000e-10; Sparse format: ELL
data_oneiteration = [
% runtime/iter double  &  runtime/iter 2-segment 32 bit  &  runtime/iter 2-segment 64 bit  &  runtime/iter 4-segment 16 bit  &  runtime/iter 4-segment 32 bit  &  runtime/iter 4-segment 48 bit  &  runtime/iter 4-segment 64 bit
% adaptive
7404512  4726433  7326535  4086927  4355318  8881934  14349037
% delaunay_n22
19048349  15179214  19039105  19839572  34620147  52588603  35036287
% europe_osm
94836099  81189641  93724348  109208799  155437602  198369012  121827155
% hugebubbles-00020
24512464  17394815  23980347  12596157  14936714  44504892  28121788
% rgg_n_2_24_s0
139242450  104919958  137438724  165995081  178386335  329885279  232001041
% road_usa
34770497  23156985  34684030  15634405  53043757  68868136  46983052
% stanford
8929230  7134273  8877259  14814146  18022303  20116578  13121908
];
data_pagerank = [
% total iterations double  &  total runtime PageRank double  &  total iterations 2segment  &  switch point 2segment  &  total runtime 2segment  &  total iterations 4segment  &  switch point 4segment 16->32  &  switch point 4segment 32->48  &  switch point 4segment 48->64  &  total runtime 4segment
% adaptive
65  481293303  65  7  465516896  84  1  2  83  754181294
% delaunay_n22
64  1219094347  64  15  1177256948  88  1  22  86  4206702268
% europe_osm
118  11190659704  118  50  10536959845  119  1  51  116  21321104236
% hugebubbles-00020
77  1887459728  77  12  1794419498  82  1  2  79  3583302771
% rgg_n_2_24_s0
89  12392578081  89  28  11433832775  93  1  2  91  30357232739
% road_usa
117  4068148170  117  51  3504020558  117  1  51  115  7218425601
% stanford
118  1053649229  118  51  965911424  118  1  51  115  2257924275
];
data_pagerank_speedups = [
% double  &  2 segment  &  4 segment
1  1.03389  0.638167
1  1.03554  0.289798
1  1.06204  0.524863
1  1.05185  0.526737
1  1.08385  0.408225
1  1.16099  0.563578
1  1.09083  0.466645
];
