% all kernel runtimes averaged over 100 executions (and measured in ns)

data_basicblocks = [
% read/write double  &  SpMV ELL double  &  norm double  &  inplace conversion 2segment  &  read/write 2segment 32 bit  &  read/write 2segment 64 bit  &  SpMV ELL 2segment 32 bit  &  SpMV ELL 2segment 64 bit  &  norm 2segment 32 bit  &  norm 2segment 64 bit  &  inplace conversion 4segment  &  read/write 4segment 16 bit  &  read/write 4segment 32 bit  &  read/write 4segment 48 bit  &  read/write 4segment 64 bit  &  SpMV ELL 4segment 16 bit  &  SpMV ELL 4segment 32 bit  &  SpMV ELL 4segment 48 bit  &  SpMV ELL 4segment 64 bit  &  norm 4segment 16 bit  &  norm 4segment 32 bit  &  norm 4segment 48 bit  &  norm 4segment 64 bit
% adaptive
202873  950746  123274  1012120  101920  203801  648149  1092210  79727  127631  1614052  67069  105176  156562  211989  498008  797574  1194006  1743107  71057  87570  126250  152691
% delaunay_n22
125807  1877495  86177  2236674  63600  126218  1282653  2102008  62713  87541  2667156  42210  65697  97288  131431  1065363  1667407  2385797  3008221  54634  62823  87306  99706
% europe_osm
1505729  16214021  737039  19573964  748151  1507835  11770886  18692425  464571  767946  24015296  483800  768905  1153983  1565110  9803760  14896473  21164915  25099776  390418  529928  863233  1156724
% hugebubbles-00020
628106  4095685  321954  2511578  312650  629112  3273266  6274217  202328  333558  4263917  202621  321690  481847  653243  2674792  5242267  8963935  11750361  169728  235138  357016  479566
% rgg_n_2_24_s0
497516  11262587  260006  13893704  248033  498292  7673215  12777030  163828  268901  15543483  160920  255062  381880  517591  6596161  10253015  14717536  20612217  139799  191087  284101  368911
% road_usa
709058  5466632  357986  6377190  353095  710366  3766991  6214751  226589  374263  8383265  228714  362978  544139  737554  3027667  4683951  6528422  7976176  190203  263590  400136  539681
% Stanford
4788  1807607  29886  2138181  3765  5052  1626503  2477922  29650  29839  2267407  3805  4222  5109  6062  1314069  1924801  2823082  3163608  29499  29510  29490  29643
];

data_norms = [
% double selective-norm  &  double diff-norm  &  2segment 32 bit selective-norm  &  2segment 64 bit selective-norm  &  2segment 32 bit diff-norm  &  2segment 64 bit diff-norm  &  4segment 16 bit selective-norm  &  4segment 32 bit selective-norm  &  4segment 48 bit selective-norm  &  4segment 64 bit selective-norm  &  4segment 16 bit diff-norm  &  4segment 32 bit diff-norm  &  4segment 48 bit diff-norm  &  4segment 64 bit diff-norm
% adaptive
56583  215753  47945  55960  123548  226932  43093  47405  51613  56545  95202  167543  234197  303989
% delaunay_n22
50629  139509  46471  54663  87574  152752  44760  48363  55026  61667  67680  109805  145992  193457
% europe_osm
163735  1416759  146900  255951  768332  1552469  113859  187635  269889  344437  624280  1146968  1864175  2434541
% hugebubbles-00020
189516  604699  142877  233377  333813  658359  112344  161686  215643  271173  256146  480716  740955  996017
% rgg_n_2_24_s0
28681  483081  29013  29860  268155  523126  29009  28977  30607  32551  203578  382000  592804  758931
% road_usa
255033  678929  190513  292338  374165  740211  152676  208123  271194  337591  293917  538197  860934  1095111
% Stanford
28981  29759  28864  28827  29767  30004  29031  28749  28880  29530  29676  29736  29867  30798
];
% all PageRank runtimes averaged over 10 executions (and measured in ns), PageRank executed with damping factor of 8.500000e-01 and an epsilon of 1.000000e-10; Sparse format: ELL

data_oneiteration = [
% runtime/iter double  &  runtime/iter 2-segment 32 bit  &  runtime/iter 2-segment 64 bit  &  runtime/iter 4-segment 16 bit  &  runtime/iter 4-segment 32 bit  &  runtime/iter 4-segment 48 bit  &  runtime/iter 4-segment 64 bit
% adaptive
1243968  924644  1227298  1252057  1026274  1501643  821214
% delaunay_n22
2144402  1590178  2047079  2349164  1797770  2560299  548015
% europe_osm
17941489  13569605  17772837  21079168  16408322  23524661  20615547
% hugebubbles-00020
4961693  4139238  4899691  6078906  5864272  9928173  8540112
% rgg_n_2_24_s0
11884152  8434716  11738874  13726559  10689141  15376653  14033357
% road_usa
6586821  4907198  6383090  6916944  5415375  7666962  7711533
% Stanford
1883740  1722327  1865000  2730985  1975280  2873947  2219196
];

data_pagerank = [
% total iterations double  &  total runtime PageRank double  &  total iterations 2segment  &  switch point 2segment  &  total runtime 2segment  &  total iterations 4segment  &  switch point 4segment 16->32  &  switch point 4segment 32->48  &  switch point 4segment 48->64  &  total runtime 4segment
% adaptive
52  64686362  52  18  59384004  52  1  17  51  71163726
% delaunay_n22
26  55754458  26  12  49978023  26  1  12  25  58623804
% europe_osm
112  2009446789  112  48  1808376901  113  1  48  110  2336661558
% hugebubbles-00020
61  302663285  61  19  286944259  61  1  19  60  531495067
% rgg_n_2_24_s0
106  1259720192  106  41  1122744055  106  1  41  104  1453631820
% road_usa
31  204191471  31  14  183590681  32  1  14  30  223794669
% Stanford
118  222281322  118  51  214931995  118  1  51  115  294352745
];
