% all kernel runtimes averaged over 100 executions (and measured in ns)

data_basicblocks = [
% read/write double  &  SpMV CSR double  &  norm double  &  inplace conversion 2segment  &  read/write 2segment 32 bit  &  read/write 2segment 64 bit  &  SpMV CSR 2segment 32 bit  &  SpMV CSR 2segment 64 bit  &  norm 2segment 32 bit  &  norm 2segment 64 bit  &  inplace conversion 4segment  &  read/write 4segment 16 bit  &  read/write 4segment 32 bit  &  read/write 4segment 48 bit  &  read/write 4segment 64 bit  &  SpMV CSR 4segment 16 bit  &  SpMV CSR 4segment 32 bit  &  SpMV CSR 4segment 48 bit  &  SpMV CSR 4segment 64 bit  &  norm 4segment 16 bit  &  norm 4segment 32 bit  &  norm 4segment 48 bit  &  norm 4segment 64 bit
% adaptive
202711  1175525  123016  608785  102097  203843  730053  1486751  79465  127175  1202866  66816  105233  156774  211983  526732  861901  1550009  1951646  70719  87787  126374  152571
% delaunay_n22
125732  926830  86249  500341  63595  126142  664114  1258143  62775  87568  891286  41798  65692  97344  131382  513004  876169  1463333  1996077  54489  62852  87081  99217
% europe_osm
1502605  4081479  736742  3108090  748161  1507953  3146169  4533752  464634  767779  7179064  484257  769025  1154162  1565206  2741132  3542451  5403901  6491468  391975  530780  863857  1157870
% hugebubbles-00020
628159  4194419  321377  1571460  312688  629106  3353044  6079495  202898  333958  3301965  203045  321685  481978  653367  2725333  4945652  9243467  12361582  170100  235144  357798  479421
% rgg_n_2_24_s0
496551  10288077  259794  4419884  247972  498418  6273492  15252780  163367  269460  5859630  161192  255143  382066  517751  4233491  8451015  15480212  29933733  139862  191953  284212  370543
% road_usa
706714  2408453  358498  1565639  352842  710304  1720614  2848910  226555  374058  3463675  228909  363089  544116  737496  1444564  2069471  3041516  3444661  190011  265272  399758  540971
% Stanford
5313  328768  30410  80781  4167  5571  233036  501215  30033  30339  162710  3886  4298  5222  6204  191569  326084  615126  1143812  29776  29749  29750  29873
% wb-edu
292932  9365575  161765  1985658  146465  293526  7937505  11286511  104641  169390  2848559  95597  150940  225350  305112  7336952  10340884  14437082  26468218  95328  120467  176340  204839
% web-BerkStan
22259  13582828  37911  249146  6124  22265  11407640  12793373  29792  38292  359242  6247  7024  16249  23851  10145520  11501562  14168211  27077488  29835  29798  37488  38407
% web-Google
29140  2145454  37999  182486  7486  29209  1634935  2528150  30051  37971  315739  7651  8642  23301  31146  1262365  2093569  3817923  6596596  32914  35913  37702  37825
];
data_norms = [
% double selective-norm  &  double diff-norm  &  2segment 32 bit selective-norm  &  2segment 64 bit selective-norm  &  2segment 32 bit diff-norm  &  2segment 64 bit diff-norm  &  4segment 16 bit selective-norm  &  4segment 32 bit selective-norm  &  4segment 48 bit selective-norm  &  4segment 64 bit selective-norm  &  4segment 16 bit diff-norm  &  4segment 32 bit diff-norm  &  4segment 48 bit diff-norm  &  4segment 64 bit diff-norm
% adaptive
38571  215716  36809  36811  124398  226884  36793  36915  36818  36996  95293  168560  231161  302004
% delaunay_n22
37407  138719  37343  37388  87514  151739  37030  36924  37056  37436  68045  109044  144824  185743
% europe_osm
37070  1416801  37200  37909  767851  1551874  37318  37069  36988  37007  622345  1146207  1870574  2433872
% hugebubbles-00020
37475  605392  37805  38293  333981  659655  37823  37723  37815  37991  259318  480632  748817  1007957
% rgg_n_2_24_s0
37211  483051  36758  36748  268197  522331  36811  36971  36665  36957  202986  382034  592049  761353
% road_usa
37040  679751  36811  36861  374280  739049  36711  36735  36939  36862  292659  537883  854145  1089474
% Stanford
39161  30906  38034  37385  29840  29807  37294  37231  37341  37270  29864  30284  29830  30300
% wb-edu
37024  293913  36965  37022  169054  316960  36937  36853  36923  36996  126518  230275  336665  454655
% web-BerkStan
37006  46030  37405  37191  38446  46726  37172  37057  37029  37019  29756  38512  38556  46476
% web-Google
37017  46532  36854  36935  38013  52329  36842  36741  36751  36916  37064  41823  45997  54193
];
data_normalization_conversion = [
% 2segment 32->64 bit  &  2segment in-place conversion  &  4segment 16->32 bit  &  4segment 32->48 bit  &  4segment 48->64 bit  &  4segment in-place conversion
% adaptive
331121  608785  196875  286227  365975  1202866
% delaunay_n22
214394  500341  131535  184870  233564  891286
% europe_osm
2278696  3108090  1304008  2023663  2722368  7179064
% hugebubbles-00020
965190  1571460  560416  841182  1133517  3301965
% rgg_n_2_24_s0
770751  4419884  448799  671227  888837  5859630
% road_usa
1086956  1565639  629694  948882  1279481  3463675
% Stanford
34593  80781  32626  33421  39689  162710
% wb-edu
465760  1985658  272276  402179  511996  2848559
% web-BerkStan
55091  249146  40635  48955  57457  359242
% web-Google
65754  182486  48307  57255  72506  315739
];
% all PageRank runtimes averaged over 10 executions (and measured in ns), PageRank executed with damping factor of 8.500000e-01 and an epsilon of 1.000000e-10; Sparse format: CSR
data_oneiteration = [
% runtime/iter double  &  runtime/iter 2-segment 32 bit  &  runtime/iter 2-segment 64 bit  &  runtime/iter 4-segment 16 bit  &  runtime/iter 4-segment 32 bit  &  runtime/iter 4-segment 48 bit  &  runtime/iter 4-segment 64 bit
% adaptive
1469572  957548  1432074  650587  1090776  1846030  1361239
% delaunay_n22
1157342  826947  1104278  626244  1025000  1647167  1363251
% europe_osm
5700762  4347086  5655075  3346039  5061487  7728813  5219636
% hugebubbles-00020
5064828  4021789  4977637  3102869  5560388  10226637  8902027
% rgg_n_2_24_s0
10898316  6771152  10741838  4490824  8831438  16127497  12938506
% road_usa
3431888  2406499  3314310  1831865  2855332  4199399  3000871
% Stanford
387679  287396  384012  236998  385222  676560  460125
% wb-edu
9880591  8324625  9782956  7557335  10688655  14960224  11308127
% web-BerkStan
13616646  11346914  13462779  9853158  11612306  11361596  13496440
% web-Google
2199212  1741927  2176883  1350459  2179743  3876305  2987852
];
data_pagerank = [
% total iterations double  &  total runtime PageRank double  &  total iterations 2segment  &  switch point 2segment  &  total runtime 2segment  &  total iterations 4segment  &  switch point 4segment 16->32  &  switch point 4segment 32->48  &  switch point 4segment 48->64  &  total runtime 4segment
% adaptive
52  76417789  52  18  67824005  52  1  17  51  84931898
% delaunay_n22
26  30090899  26  12  26925061  26  1  12  25  36745288
% europe_osm
112  638485444  112  48  580318977  113  1  48  110  752656599
% hugebubbles-00020
61  308954545  61  19  292033316  61  1  19  60  540324057
% rgg_n_2_24_s0
106  1155221514  106  41  987798699  106  1  41  104  1412017189
% road_usa
31  106388541  31  14  95093532  32  1  14  30  120297042
% Stanford
118  45746138  118  51  40788927  118  1  51  115  64683925
% wb-edu
114  1126387464  114  47  1057491628  115  1  47  112  1517166929
% web-BerkStan
119  1620380926  119  50  1507928809  119  1  50  51  1518335370
% web-Google
116  255108656  116  47  234065795  116  1  47  114  369151220
];
