% all kernel runtimes averaged over 100 executions (and measured in ns)

data_basicblocks = [
% read/write double  &  SpMV CSR double  &  norm double  &  inplace conversion 2segment  &  read/write 2segment 32 bit  &  read/write 2segment 64 bit  &  SpMV CSR 2segment 32 bit  &  SpMV CSR 2segment 64 bit  &  norm 2segment 32 bit  &  norm 2segment 64 bit  &  inplace conversion 4segment  &  read/write 4segment 16 bit  &  read/write 4segment 32 bit  &  read/write 4segment 48 bit  &  read/write 4segment 64 bit  &  SpMV CSR 4segment 16 bit  &  SpMV CSR 4segment 32 bit  &  SpMV CSR 4segment 48 bit  &  SpMV CSR 4segment 64 bit  &  norm 4segment 16 bit  &  norm 4segment 32 bit  &  norm 4segment 48 bit  &  norm 4segment 64 bit
% adaptive
202802  1175446  123027  608735  101994  203743  729781  1486441  79329  127310  624100  66834  105211  156709  211986  526334  862031  1550859  1953060  70836  87989  125864  152599
% delaunay_n22
125871  926355  85819  500340  63607  126206  663859  1257609  62714  87460  513005  41820  65636  97288  131306  512847  875840  1463193  1995603  54549  62924  87156  102012
% europe_osm
1505742  4079538  735913  3108207  748041  1507882  3145256  4531904  464393  767287  3179240  483974  768904  1154122  1565205  2739754  3541541  5402636  6490960  391537  529871  863370  1156181
% hugebubbles-00020
625916  4194561  320816  1571351  312729  629131  3352307  6078584  202398  333486  1607948  202910  321681  481901  653342  2725033  4945722  9242461  12363938  169981  234856  357235  478255
% rgg_n_2_24_s0
497235  10285534  259838  4419943  247879  498450  6272330  15245950  163727  268413  4520978  161081  255055  382001  517705  4230728  8443468  15472686  29923558  140798  191204  284291  371139
% road_usa
706748  2408394  358430  1565619  352885  710445  1719837  2848767  226696  373913  1602157  228723  362957  544096  737519  1444435  2068834  3041641  3443258  191221  264855  400497  540260
% Stanford
4878  325042  30108  80572  3759  5011  224978  488322  30023  29633  84617  3761  4176  5071  6050  189962  325471  615767  1143424  29703  29550  29565  29586
% wb-edu
292955  9347096  161696  1985797  146482  293561  7940025  11277475  104625  169225  2031807  95515  150797  225246  305121  7325165  10348369  14460109  26455995  95207  121855  174867  204953
% web-BerkStan
22237  13500516  37901  249121  6110  22274  11271041  12743958  29353  37816  256316  6245  6993  16177  23815  10086851  11632281  13728569  26681207  29847  29633  37069  37672
% web-Google
29096  2162736  38464  182485  7541  29248  1645927  2527758  29801  38058  188724  7637  8625  23328  31140  1268114  2102493  3806429  6620733  31152  35533  37632  37817
];

data_norms = [
% double selective-norm  &  double diff-norm  &  2segment 32 bit selective-norm  &  2segment 64 bit selective-norm  &  2segment 32 bit diff-norm  &  2segment 64 bit diff-norm  &  4segment 16 bit selective-norm  &  4segment 32 bit selective-norm  &  4segment 48 bit selective-norm  &  4segment 64 bit selective-norm  &  4segment 16 bit diff-norm  &  4segment 32 bit diff-norm  &  4segment 48 bit diff-norm  &  4segment 64 bit diff-norm
% adaptive
38346  215051  36974  36718  124862  226529  36873  36842  37006  36986  95131  168446  232542  301865
% delaunay_n22
37100  138796  37180  37097  87491  151559  36966  36905  36876  37293  67177  108219  144619  185664
% europe_osm
36986  1415526  37116  37173  767652  1550318  36876  36802  36874  37012  622185  1145385  1871649  2438341
% hugebubbles-00020
37275  604746  37458  37743  333672  658372  37092  37142  37383  37660  257485  480005  749259  1009098
% rgg_n_2_24_s0
36894  482781  36954  36616  268066  521804  36782  36688  36581  36938  202987  381775  591788  761329
% road_usa
36830  678829  36983  37171  373849  738567  36776  36790  36700  37108  292062  537666  859633  1086470
% Stanford
37026  30559  37212  37202  29797  29913  37199  36833  36887  36957  29628  29733  29982  30773
% wb-edu
36895  293642  36840  36813  168346  316823  37028  36942  37112  37440  125974  230039  339084  461298
% web-BerkStan
36912  45681  36813  37161  38011  46523  36733  36516  37082  36796  29536  37774  38880  46295
% web-Google
38285  46700  36963  36814  37876  52169  36905  37251  36650  36825  36632  40440  46366  54293
];
% all PageRank runtimes averaged over 10 executions (and measured in ns), PageRank executed with damping factor of 8.500000e-01 and an epsilon of 1.000000e-10; Sparse format: CSR

data_oneiteration = [
% runtime/iter double  &  runtime/iter 2-segment 32 bit  &  runtime/iter 2-segment 64 bit  &  runtime/iter 4-segment 16 bit  &  runtime/iter 4-segment 32 bit  &  runtime/iter 4-segment 48 bit  &  runtime/iter 4-segment 64 bit
% adaptive
1469174  1010420  1465038  1297803  1102776  1858741  2310931
% delaunay_n22
1157169  895091  1164007  1252114  1036068  1660980  1970595
% europe_osm
5697990  4435589  5760077  6688579  5086987  7760575  9044084
% hugebubbles-00020
5062692  4232217  5051534  6207905  5589606  10247507  11724631
% rgg_n_2_24_s0
10897597  6929490  10828747  8980847  8836209  16126881  16563129
% road_usa
3430837  2577321  3510740  3662816  2902428  4262682  5727258
% Stanford
388045  292704  385670  477149  386563  674586  528423
% wb-edu
9881300  8500352  9808419  15049896  10690932  14952172  12568840
% web-BerkStan
13602359  11561848  13461496  20516242  11635897  12103323  13502421
% web-Google
2199432  1777308  2177893  2661286  2175489  3876633  3179405
];

data_pagerank = [
% total iterations double  &  total runtime PageRank double  &  total iterations 2segment  &  switch point 2segment  &  total runtime 2segment  &  total iterations 4segment  &  switch point 4segment 16->32  &  switch point 4segment 32->48  &  switch point 4segment 48->64  &  total runtime 4segment
% adaptive
52  76397075  52  18  67998978  52  1  17  51  84450471
% delaunay_n22
26  30086411  26  12  27037272  26  1  12  25  36212300
% europe_osm
112  638174925  112  48  581553382  113  1  48  110  754065052
% hugebubbles-00020
61  308824229  61  19  292576665  61  1  19  60  538693392
% rgg_n_2_24_s0
106  1155145304  106  41  987977969  106  1  41  104  1411549160
% road_usa
31  106355968  31  14  95765175  32  1  14  30  121051928
% Stanford
118  45789379  118  51  40767926  118  1  51  115  64564241
% wb-edu
114  1126468206  114  47  1056680741  115  1  47  112  1516430623
% web-BerkStan
119  1618680829  119  50  1506935761  119  1  50  51  1520943323
% web-Google
116  255134227  116  47  233808272  116  1  47  114  368827134
];

