% all kernel runtimes averaged over 100 executions (and measured in ns)

data_basicblocks = [
% read/write double  &  SpMV ELL double  &  norm double  &  inplace conversion 2segment  &  read/write 2segment 32 bit  &  read/write 2segment 64 bit  &  SpMV ELL 2segment 32 bit  &  SpMV ELL 2segment 64 bit  &  norm 2segment 32 bit  &  norm 2segment 64 bit  &  inplace conversion 4segment  &  read/write 4segment 16 bit  &  read/write 4segment 32 bit  &  read/write 4segment 48 bit  &  read/write 4segment 64 bit  &  SpMV ELL 4segment 16 bit  &  SpMV ELL 4segment 32 bit  &  SpMV ELL 4segment 48 bit  &  SpMV ELL 4segment 64 bit  &  norm 4segment 16 bit  &  norm 4segment 32 bit  &  norm 4segment 48 bit  &  norm 4segment 64 bit
% adaptive
203273  956120  120903  1011992  101917  203713  648266  1092306  79893  127540  1613999  67083  105198  156721  211981  498054  797551  1193326  1742769  70923  88147  127025  152649
% delaunay_n22
125841  1878672  86571  2236634  63602  126161  1284216  2103102  62847  87253  2668187  42257  65678  97281  131486  1065506  1667425  2384095  3007357  54492  63017  87040  99865
% europe_osm
1505722  16219194  736550  19573863  748068  1507986  11776688  18696295  464562  767914  24016176  484135  769031  1154121  1565163  9809855  14917110  21238088  25150612  389349  530196  864368  1155577
% hugebubbles-00020
625931  4095388  321715  2511633  312625  629170  3273497  6275512  202508  333558  4264705  202765  321768  481994  653363  2674979  5242676  8963554  11750507  170711  234933  357701  479018
% rgg_n_2_24_s0
497483  11263735  259992  13893952  248048  498382  7681457  12777473  162666  268551  15544261  161000  255124  381747  517707  6590567  10248096  14716197  20617006  140001  191549  283867  368572
% road_usa
709309  5466937  358191  6377185  353116  710468  3766090  6211831  226050  374265  8383757  228770  363035  544145  737638  3027385  4683409  6522436  7973423  191465  263281  400340  540259
% Stanford
4763  1802436  30067  2137718  3783  5023  1622938  2455174  29857  30076  2268776  3784  4210  5071  6063  1312775  1926908  2825005  3169147  29854  29797  29878  30139
];
data_norms = [
% double selective-norm  &  double diff-norm  &  2segment 32 bit selective-norm  &  2segment 64 bit selective-norm  &  2segment 32 bit diff-norm  &  2segment 64 bit diff-norm  &  4segment 16 bit selective-norm  &  4segment 32 bit selective-norm  &  4segment 48 bit selective-norm  &  4segment 64 bit selective-norm  &  4segment 16 bit diff-norm  &  4segment 32 bit diff-norm  &  4segment 48 bit diff-norm  &  4segment 64 bit diff-norm
% adaptive
55846  212545  47640  56092  123400  226763  43058  47707  51792  56961  95552  168594  231424  303369
% delaunay_n22
50618  139397  46429  54668  87443  152584  44192  48098  55073  61518  69122  110341  146745  193620
% europe_osm
163269  1416741  147122  255976  767843  1552888  113995  187520  270610  345130  623821  1147651  1871250  2440645
% hugebubbles-00020
189040  605099  143230  233572  333697  658165  112222  161475  216195  271776  259686  480472  740946  1008296
% rgg_n_2_24_s0
28602  483129  28426  28794  267746  522531  28460  28732  30443  32328  203826  381889  595696  762512
% road_usa
255157  679294  190784  292657  374313  739940  152523  208363  271596  337612  293406  538753  854624  1086441
% Stanford
28836  30360  29154  29582  29861  30342  28731  29530  29297  29655  30053  29846  30244  30876
];
data_normalization_conversion = [
% 2segment 32->64 bit  &  2segment in-place conversion  &  4segment 16->32 bit  &  4segment 32->48 bit  &  4segment 48->64 bit  &  4segment in-place conversion
% adaptive
330641  1011992  197130  286037  367933  1613999
% delaunay_n22
214930  2236634  132276  184957  234052  2668187
% europe_osm
2280215  19573863  1304177  2025923  2720577  24016176
% hugebubbles-00020
965581  2511633  560867  842485  1133806  4264705
% rgg_n_2_24_s0
770396  13893952  448768  669387  887800  15544261
% road_usa
1086904  6377185  630400  949662  1279427  8383757
% Stanford
33014  2137718  32677  32893  39533  2268776
];
% all PageRank runtimes averaged over 10 executions (and measured in ns), PageRank executed with damping factor of 8.500000e-01 and an epsilon of 1.000000e-10; Sparse format: ELL
data_oneiteration = [
% runtime/iter double  &  runtime/iter 2-segment 32 bit  &  runtime/iter 2-segment 64 bit  &  runtime/iter 4-segment 16 bit  &  runtime/iter 4-segment 32 bit  &  runtime/iter 4-segment 48 bit  &  runtime/iter 4-segment 64 bit
% adaptive
1244771  876652  1217259  625666  1027040  1500723  1010998
% delaunay_n22
2144423  1467386  2032041  1170844  1797261  2560322  2291409
% europe_osm
17941723  13293130  17738008  10541878  16413663  23522913  18607682
% hugebubbles-00020
4962519  3932656  4877738  3042579  5865455  9937034  8592645
% rgg_n_2_24_s0
11885193  8241862  11727609  6865838  10693242  15379945  13038653
% road_usa
6588853  4582246  6320428  3458563  5414774  7651127  6277212
% Stanford
1884211  1692956  1866134  1357809  1976331  2876637  2189968
];
data_pagerank = [
% total iterations double  &  total runtime PageRank double  &  total iterations 2segment  &  switch point 2segment  &  total runtime 2segment  &  total iterations 4segment  &  switch point 4segment 16->32  &  switch point 4segment 32->48  &  switch point 4segment 48->64  &  total runtime 4segment
% adaptive
52  64728124  52  18  59385918  52  1  17  51  72184780
% delaunay_n22
26  55755022  26  12  49976263  26  1  12  25  60906738
% europe_osm
112  2009473065  112  48  1808450326  113  1  48  110  2336836918
% hugebubbles-00020
61  302713695  61  19  286995474  61  1  19  60  534476520
% rgg_n_2_24_s0
106  1259830541  106  41  1123117312  106  1  41  104  1454025560
% road_usa
31  204254464  31  14  183645297  32  1  14  30  223525003
% Stanford
118  222336932  118  51  215235575  118  1  51  115  294580901
];
