% all kernel runtimes averaged over 100 executions (and measured in ns)

data_basicblocks = [
% read/write double  &  SpMV CSR double  &  norm double  &  inplace conversion 2segment  &  read/write 2segment 32 bit  &  read/write 2segment 64 bit  &  SpMV CSR 2segment 32 bit  &  SpMV CSR 2segment 64 bit  &  norm 2segment 32 bit  &  norm 2segment 64 bit  &  inplace conversion 4segment  &  read/write 4segment 16 bit  &  read/write 4segment 32 bit  &  read/write 4segment 48 bit  &  read/write 4segment 64 bit  &  SpMV CSR 4segment 16 bit  &  SpMV CSR 4segment 32 bit  &  SpMV CSR 4segment 48 bit  &  SpMV CSR 4segment 64 bit  &  norm 4segment 16 bit  &  norm 4segment 32 bit  &  norm 4segment 48 bit  &  norm 4segment 64 bit
% adaptive
202845  1176254  122851  608716  101925  203874  729914  1486261  79261  126698  624054  66790  105232  156726  211969  526492  861925  1550514  1952529  70775  87481  126312  152046
% delaunay_n22
125803  926399  86625  500341  63576  126188  663829  1258265  63123  87406  513007  41799  65618  97297  131356  512541  875424  1462307  1995198  54620  63109  87093  100669
% europe_osm
1505775  4080307  737347  3108411  747941  1508006  3144749  4531707  464223  767612  3179072  483938  768885  1154064  1565079  2739197  3540517  5400697  6488438  388846  529775  864453  1157301
% hollywood-2009
35748  13481752  39398  1738772  18416  35846  10999247  23738525  37857  41926  1779137  8989  19434  28339  37778  9840364  20307356  35169284  59340961  36022  37692  37945  45802
% hugebubbles-00020
626181  4195131  321459  1571326  312701  629149  3352303  6078248  202604  333493  1607914  202991  321698  482023  653446  2725038  4945056  9242738  12362932  169886  235065  357521  478740
% rgg_n_2_24_s0
497349  10281685  259634  4420066  247869  498463  6271151  15244052  163878  268556  4520645  161038  255101  382024  517675  4231058  8444395  15471804  29916131  138812  191476  283987  375028
% road_usa
707093  2408772  358014  1565579  352818  710470  1720001  2847517  226891  374042  1601930  228687  363009  544177  737525  1443618  2067603  3039242  3441928  190414  264658  399793  540621
% Stanford
4802  323121  29901  80533  3744  5021  224676  486035  29974  29475  84600  3780  4190  5068  6046  189172  324696  615815  1137062  29478  29377  29593  29264
% wb-edu
293019  9402337  161557  1985727  146419  293577  7935114  11279204  104919  169308  2031761  95485  150909  225363  305170  7318121  10318057  14447272  26407886  95310  120611  176206  205126
% web-BerkStan
22266  13577572  38247  249121  6110  22271  11286441  12553125  29709  38056  256400  6235  6993  16157  23852  10070325  11600262  14192164  26431729  29906  29755  36873  38112
% web-Google
29144  2153946  38152  182648  7481  29179  1641168  2525498  29692  37847  188669  7623  8639  23405  31143  1263244  2093681  3790953  6583758  31341  35998  37560  37672
];

data_norms = [
% double selective-norm  &  double diff-norm  &  2segment 32 bit selective-norm  &  2segment 64 bit selective-norm  &  2segment 32 bit diff-norm  &  2segment 64 bit diff-norm  &  4segment 16 bit selective-norm  &  4segment 32 bit selective-norm  &  4segment 48 bit selective-norm  &  4segment 64 bit selective-norm  &  4segment 16 bit diff-norm  &  4segment 32 bit diff-norm  &  4segment 48 bit diff-norm  &  4segment 64 bit diff-norm
% adaptive
38378  215386  36776  36995  124470  226384  36740  36790  36841  37560  95261  168695  230119  301874
% delaunay_n22
37266  139525  36997  37089  87327  152266  36946  36876  36944  37126  65519  109058  144702  185745
% europe_osm
36997  1416542  37073  36950  767757  1550935  36824  36852  36902  37070  622453  1145746  1871531  2429740
% hollywood-2009
36759  55185  36987  36893  42178  55037  36804  36794  36669  36812  37441  46276  54321  62588
% hugebubbles-00020
37459  605437  37888  37976  333805  659240  37775  37588  37991  37889  258446  480177  741494  1008542
% rgg_n_2_24_s0
36588  482988  36949  36655  267848  521827  36626  36421  36763  37046  201781  381608  591869  758071
% road_usa
36901  679340  36894  36856  374127  739672  36829  36700  36780  36944  291029  537876  848862  1088931
% Stanford
37024  29910  36886  36779  29472  29591  36995  36923  36752  36842  29367  29656  29623  30698
% wb-edu
36935  294422  37201  37071  168303  316841  37132  36873  37101  37141  126400  229243  336167  458233
% web-BerkStan
37210  45610  37170  37052  38052  46663  37028  36895  36926  37464  29748  38221  38246  46347
% web-Google
37172  46667  36794  36873  37869  51720  36682  36727  37252  36881  36949  40824  46070  54404
];
% all PageRank runtimes averaged over 10 executions (and measured in ns), PageRank executed with damping factor of 8.500000e-01 and an epsilon of 1.000000e-10; Sparse format: CSR

data_oneiteration = [
% runtime/iter double  &  runtime/iter 2-segment 32 bit  &  runtime/iter 2-segment 64 bit  &  runtime/iter 4-segment 16 bit  &  runtime/iter 4-segment 32 bit  &  runtime/iter 4-segment 48 bit  &  runtime/iter 4-segment 64 bit
% adaptive
1275080  892134  1270368  669584  952128  1647981  25
% delaunay_n22
1023896  791133  1021879  655131  933927  1540465  36
% europe_osm
4422800  3740785  4476400  3394542  4054026  6078249  26
% hollywood-2009
13619753  11177152  13434744  11005346  19942311  34899423  37
% hugebubbles-00020
4509773  3919958  4496563  3293814  5167450  9568117  28
% rgg_n_2_24_s0
10454825  6659151  10392081  4843291  8496336  15589665  30
% road_usa
2799983  2195388  2870648  1879507  2417351  3486474  38
% Stanford
358663  264777  356032  245384  357748  647491  26
% wb-edu
9608734  8325110  9543158  8219672  10472888  14622635  30
% web-BerkStan
13545551  11550560  13385251  11125214  11523999  13796880  13516895
% web-Google
2153917  1742633  2133629  1435958  2136370  3836055  31
];

data_pagerank = [
% total iterations double  &  total runtime PageRank double  &  total iterations 2segment  &  switch point 2segment  &  total runtime 2segment  &  total iterations 4segment  &  switch point 4segment 16->32  &  switch point 4segment 32->48  &  switch point 4segment 48->64  &  total runtime 4segment
% adaptive
60  76504817  60  20  68657526  60  10  30  60  75177994
% delaunay_n22
30  30716894  40  20  36260354  40  10  20  40  46700038
% europe_osm
120  530736024  120  50  500387564  120  10  60  120  601341838
% hollywood-2009
70  953382751  90  40  1118823424  120  10  50  120  3350705799
% hugebubbles-00020
70  315684163  70  20  303227433  70  10  30  70  519011982
% rgg_n_2_24_s0
110  1150030765  110  50  956482722  110  10  50  110  1323666423
% road_usa
40  111999353  40  20  101320858  50  10  30  50  136871726
% Stanford
120  43039602  120  60  37248687  120  10  60  120  59190895
% wb-edu
120  1153048189  120  50  1084276716  120  10  50  120  1524696893
% web-BerkStan
120  1625466222  120  50  1514495750  130  10  60  120  1650434067
% web-Google
120  258470067  120  50  236485830  120  10  50  120  368338462
];

